#Position (bp)	Coverage
3127391.0	0.06495814961387138
9382172.0	0.41398859528415144
1.5636953E7	0.004158418975820257
2.1891734E7	0.0028482212246919597
2.8146515E7	0.004139233651825699
3.4401296E7	0.0033145844754596523
4.0656077E7	0.003122411480114172
4.6910858E7	0.003830829568613194
5.3165639E7	0.02371082216947324
5.942042E7	0.0021735373308833673
6.5675201E7	0.0032240936972853245
7.1929982E7	0.00309651129272152
7.8184763E7	0.003397081368636248
8.4439544E7	0.0027435013312216688
9.0694325E7	0.0022710627278556997
9.6949106E7	0.005829300818046227
1.03203887E8	0.0021297308410957953
1.09458668E8	0.005444794949655312
1.15713449E8	0.003041833119337032
1.2196823E8	0.0031831650060969363
1.28223011E8	0.004779224084744134
1.34477792E8	0.002844544037593003
1.40732573E8	0.004686175263370532
1.46987354E8	0.00624642173722789
1.53242135E8	0.0037002094877502507
1.59496916E8	0.14225070390154348
1.65751697E8	0.0061966997725419965
1.72006478E8	0.0014593636451859786
1.78261259E8	0.002405839628917463
1.8451604E8	0.003705805207248663
1.90770821E8	0.0033257759144564776
1.97025602E8	0.005124080283546298
2.03280383E8	0.003932831541184256
2.09535164E8	0.002099833711204277
2.15789945E8	0.0020398795737212863
2.22044726E8	0.005929704013617743
2.28299507E8	0.004340999309168458
2.34554288E8	0.003029842291840434
2.40809069E8	0.0519594530967591
2.4706385E8	0.0030285632702407965
2.53318631E8	0.012206022880737152
2.59573412E8	0.004663632507676927
2.65828193E8	0.011381693459771013
2.71643058E8	0.029991168288294456
2.747704485E8	0.08973985942770893
2.78337755E8	0.03132211983121391
2.84592536E8	0.048451416604354335
2.90847317E8	0.010576549362799432
2.97102098E8	0.0026280696318544167
3.03356879E8	0.00438064897875721
3.0961166E8	0.0018867167371647384
3.15866441E8	0.004564508333705049
3.22121222E8	0.004024761218658175
3.28376003E8	0.0024263039745116574
3.34630784E8	0.007682123482820581
3.40885565E8	0.008753144194816733
3.47140346E8	0.011456036590249923
3.53395127E8	0.013357462075810489
3.59649908E8	0.039926417887372875
3.65904689E8	0.0021286116971961128
3.7215947E8	0.001990157609035392
3.78414251E8	0.0021583489493876766
3.84669032E8	0.001776401124196035
3.90923813E8	0.005870229509234616
3.97178594E8	0.0018301200313807948
4.03433375E8	0.0032499938846779768
4.09688156E8	0.009579392148182327
4.15942937E8	0.011605841995107422
4.22197718E8	0.008617408027555241
4.257958175E8	0.08836032453171705
4.28923208E8	0.037092327401685145
4.3470728E8	0.014984537428248887
4.40962061E8	0.008528036393280597
4.47216842E8	0.011760283853263607
4.53471623E8	0.006401662983883848
4.59726404E8	0.007695393331916817
4.65981185E8	0.026125774827288117
4.72235966E8	0.007153727684470488
4.78490747E8	0.010031046650554192
4.84745528E8	0.021356303282241217
4.91000309E8	0.0020593846531157525
4.9725509E8	0.0073388660610179636
5.03509871E8	0.0033280142022558425
5.09764652E8	0.002749256928420036
5.16019433E8	0.0031663778476016986
5.22274214E8	0.012107538217565092
5.28528995E8	0.002783310878510375
5.34783776E8	0.007223274483950757
5.41038557E8	0.008113473517298207
5.47293338E8	0.004028118650357223
5.53548119E8	0.01510588460251446
5.578954745E8	0.020173529568471227
5.61022865E8	0.0918644004706868
5.66057681E8	0.00802058457362456
5.72312462E8	0.0049339856983002285
5.78567243E8	0.0026036083437613565
5.84822024E8	0.001604532596744794
5.91076805E8	0.004366100108061337
5.97331586E8	0.004467142814432672
6.03586367E8	0.002900341354877173
6.09841148E8	0.0025887397176655746
6.16095929E8	0.00354145093169529
6.2235071E8	0.004032435348255998
6.28605491E8	0.0038156411871175027
6.34860272E8	0.0074582947028840815
6.41115053E8	0.004095107406638218
6.47369834E8	0.005954325179410758
6.53624615E8	0.007567011538853239
6.59879396E8	0.004952851266894876
6.66134177E8	0.01532731521695164
6.72388958E8	0.004173767235015902
6.78643739E8	0.005598597297011678
6.8489852E8	0.04221346838522404
6.890261325E8	0.012283773002393469
6.92153523E8	0.031000365039252884
6.97408082E8	0.01888555330714217
7.03662863E8	0.016197209782404853
7.09917644E8	0.0098195284535142
7.16172425E8	0.002547331393377322
7.22427206E8	0.0034460039448223688
7.28681987E8	0.004540526678711853
7.34936768E8	0.002766203964615228
7.41191549E8	0.0023900117366219536
7.4744633E8	0.0028894696712802575
7.53701111E8	0.008341938750533393
7.59955892E8	0.007213362066553569
7.66210673E8	0.055260288090022654
7.72465454E8	0.004344996251667324
7.78720235E8	0.004211978005305062
7.84975016E8	0.004391520662354126
7.91229797E8	0.003276693460570402
7.944547745E8	0.0023568713045795035
7.97582165E8	0.025464852753652175
8.03739359E8	0.03365441571815224
8.0999414E8	0.007748632606001713
8.16248921E8	0.00552393441113286
8.22503702E8	0.0070936136692875415
8.28758483E8	0.006896164709843558
8.35013264E8	0.007586196862847796
8.41268045E8	0.011630623038600392
8.47522826E8	0.018861731529848928
8.53777607E8	0.013012605877008324
8.60032388E8	0.024153203765247735
8.66287169E8	0.014128392344991775
8.7254195E8	0.019118175360576174
8.78796731E8	0.013919911824250921
8.85051512E8	0.011114058190046941
8.91306293E8	0.015867062331998513
8.97561074E8	0.004795531610139508
9.03815855E8	0.0034842147151115284
9.10070636E8	0.002836390274895316
9.16325417E8	0.0034675874343162456
9.22580198E8	0.002723996251827202
9.28834979E8	0.002532942400381404
9.3508976E8	0.0016902270439204826
9.41344541E8	0.0037727939635296584
9.47599322E8	0.003953615642178359
9.53854103E8	0.005868630732235069
9.60108884E8	0.011680345003286286
9.643161115E8	0.01677521700034357
9.67443502E8	0.06409112142857318
9.72618446E8	0.02254451434830412
9.78873227E8	0.005101697405552648
9.85128008E8	0.005997652036098466
9.91382789E8	0.007259246966440551
9.9763757E8	0.011871878487831947
1.003892351E9	0.013264573132136841
1.010147132E9	0.0052823592065013945
1.016401913E9	0.0075484657256585
1.022656694E9	0.009998111844363536
1.028911475E9	0.0028223210372993073
1.035166256E9	0.0027741978496129602
1.041421037E9	0.007360289672811886
1.047675818E9	0.002754053259418675
1.053930599E9	0.01763179238409786
1.06018538E9	0.007183624814362005
1.066440161E9	0.004770750566646538
1.072694942E9	0.002308474109645086
1.078949723E9	0.7811055255172004
1.0846585805E9	0.019893339717300278
1.087785971E9	0.050266200300957915
1.091459285E9	0.022083586939334886
1.097714066E9	0.005410900877264927
1.103968847E9	0.003932192030384437
1.110223628E9	0.0020921595816064545
1.116478409E9	0.0035623949103893485
1.12273319E9	0.003553601636891843
1.128987971E9	0.024365201595387593
1.135242752E9	0.002386174671823042
1.141497533E9	0.003854331590506526
1.147752314E9	0.002183289870580601
1.154007095E9	0.0020814477757094933
1.160261876E9	0.005238872472113732
1.166516657E9	0.004096386428237855
1.172771438E9	0.004306945359078119
1.179026219E9	0.0012230644046530167
1.185281E9	0.0019401158889495891
1.191535781E9	0.0018764845643676413
1.197790562E9	0.0028215216487995345
1.204045343E9	0.0024562011044031756
1.210300124E9	0.008275589505052215
1.216554905E9	0.09356698499915504
1.222809686E9	0.009746144589235018
1.2260716805E9	0.002284478915931176
1.229199071E9	0.06357603524340945
1.235319248E9	0.023456936381945268
1.241574029E9	0.003741617812038503
1.24782881E9	0.005996852647598693
1.254083591E9	0.0075698893374524226
1.260338372E9	0.0021730576977835037
1.266593153E9	0.008386544628820738
1.272847934E9	0.008020104940524696
1.279102715E9	0.004980350231287074
1.285357496E9	0.005543279612827371
1.291612277E9	0.00574536502557004
1.297867058E9	0.003277332971370221
1.304121839E9	0.0039048529436921933
1.31037662E9	0.00176968626079794
1.316631401E9	0.0029112130384740887
1.322886182E9	0.0012946896142326965
1.329140963E9	0.002850779267891234
1.335395744E9	0.003039914586937576
1.341650525E9	0.0028848332179815727
1.347905306E9	0.005213771673220853
1.354160087E9	0.004133637932327287
1.360414868E9	0.009468756779813714
1.364630313E9	0.01019663996610464
1.3677577035E9	0.004452184436502861
1.37292443E9	0.04406293361829935
1.379179211E9	0.0926975700668017
1.385433992E9	0.005589324390414309
1.391688773E9	0.009777960251525993
1.397943554E9	0.0073104078304260375
1.404198335E9	0.004225727487501161
1.410453116E9	0.004150105335422615
1.416707897E9	0.006267365715921948
1.422962678E9	0.009659171120459694
1.429217459E9	0.008567845940569302
1.433711335E9	0.018301328480982784
1.4368387255E9	0.018574823741201257
1.441727021E9	0.009951587433676735
1.447981802E9	0.019252152873138164
1.454236583E9	0.005468776604648508
1.460491364E9	0.005080113916058772
1.466746145E9	0.002333095275438101
1.473000926E9	0.0014489715946889269
1.479255707E9	0.003171493934000247
1.485510488E9	0.0034805375280125713
1.491765269E9	0.0013095582403284784
1.49802005E9	0.003277492849070175
1.504274831E9	0.009050836472132277
1.510529612E9	0.05983566810732462
1.5139524005E9	0.024064143968476427
1.517079791E9	0.03432071236064361
1.523039174E9	0.01499908629894476
1.529293955E9	0.007454617515785125
1.535548736E9	0.012714114211193006
1.541803517E9	0.006829815464362381
1.548058298E9	0.010572552420300568
1.554313079E9	0.006798159679771362
1.56056786E9	0.02351737015252812
1.566822641E9	0.015617013609269453
1.5729002895E9	0.022638189609179942
1.57602768E9	0.0011545029850535617
1.579332203E9	0.003909169641590968
1.585586984E9	0.007755347469399808
1.591841765E9	0.0031949959558935795
1.598096546E9	0.004782421638743227
1.604351327E9	0.005779578853360333
1.610606108E9	0.0067191800959937684
1.616860889E9	0.0025911378831648944
1.62311567E9	0.0027569310580178585
1.629370451E9	0.0033256160367565227
1.635625232E9	0.0065170946832511
1.641880013E9	0.004872272906117736
1.648134794E9	0.008682318373736826
1.654389575E9	0.00419710937920928
1.660644356E9	0.003015773054244425
1.666899137E9	0.013405905018896744
1.673153918E9	0.0023541991318321138
1.679408699E9	0.0015492149125604878
1.68566348E9	0.002139643258492983
1.691918261E9	0.0016473798203326384
1.698173042E9	0.004411185619448547
1.704427823E9	0.003645051681265899
1.710682604E9	0.005695483183184191
1.716937385E9	0.002530704112582039
1.723192166E9	0.002814007396901666
1.729446947E9	0.022092380212832392
1.735701728E9	0.00181445201678524
1.741956509E9	0.0014497709831887
1.74821129E9	0.0016572922377298262
1.754466071E9	0.0019306831046522652
1.760720852E9	0.0018216465132831988
1.766975633E9	0.0020333245880231458
1.773230414E9	0.007717136699110648
1.779485195E9	0.3866379973975108
1.7833988615E9	0.04994238664285823
1.786526252E9	0.007072059055633546
1.791994757E9	0.005457585165651683
1.798249538E9	0.00885354739038825
1.804504319E9	0.006452663970169379
1.8107591E9	0.006974664660521288
1.817013881E9	0.005962638819808399
1.823268662E9	0.007260206232640279
1.829523443E9	0.007819938060181483
1.835778224E9	0.01244152273277034
1.842033005E9	0.0067420426070872825
1.848287786E9	0.0032536710717769334
1.854542567E9	0.004091590097239216
1.860797348E9	0.006566017259437221
1.867052129E9	0.004286321135783971
1.87330691E9	0.00447673547642995
1.879561691E9	0.0012830185421360077
1.885816472E9	0.003130725120511813
1.892071253E9	0.005285237005100578
1.898326034E9	0.0060478536338842235
1.904580815E9	0.0032827688131686784
1.910835596E9	0.006352100896897909
1.917090377E9	0.01148625347554135
1.9230791755E9	0.02435636581710822
1.926206566E9	0.005631949470359892
1.929599939E9	0.0020449956601198346
1.93585472E9	0.0016417841008342258
1.942109501E9	0.002511678666287437
1.948364282E9	0.003503080283706176
1.954619063E9	0.006260810730223808
1.960873844E9	0.005139588420441899
1.967128625E9	0.0022545953247603712
1.973383406E9	0.00588174070363135
1.979638187E9	0.006082067461674517
1.985892968E9	0.06430760725275593
1.992147749E9	0.0028496601239915514
1.99840253E9	0.0029043382973760394
2.004657311E9	0.0037342634378405896
2.010912092E9	0.0044816916851285445
2.017166873E9	0.001701258605217353
2.023421654E9	0.0017815172105945835
2.029676435E9	0.0038693600943022627
2.035931216E9	0.003436571160525045
2.042185997E9	0.004864598776519913
2.048440778E9	0.007636238582933599
2.054695559E9	0.04344788410657383
2.06095034E9	0.017977288093699844
2.0652155195E9	0.03017387230848602
2.06834291E9	0.006009243559577131
2.073459902E9	0.0029091346283746785
2.079714683E9	0.0010826917840928403
2.085969464E9	0.004176325278215176
2.092224245E9	0.003460712693218196
2.098479026E9	0.002869165203386018
2.104733807E9	0.002663242725844438
2.110988588E9	0.003351036591049311
2.117243369E9	0.006906396882640655
2.12349815E9	0.0042752895744871
2.129752931E9	0.022534601930906933
2.136007712E9	0.021037826903931568
2.142262493E9	0.013413099515394704
2.145843736E9	0.037388799224417624
2.1489711265E9	0.0072899655811886725
2.154772055E9	0.005501071900039346
2.161026836E9	0.003482456060412027
2.167281617E9	0.002704491172432736
2.173536398E9	0.007740318965604072
2.179791179E9	0.011553561987222254
2.18604596E9	0.01941075155149317
2.192300741E9	0.008123385934695396
2.198555522E9	0.01972651000890359
2.204810303E9	0.023506178713531296
2.2088646815E9	0.03653121723258553
2.211992072E9	0.027806958045175825
2.217319865E9	0.009910498864788392
2.223574646E9	0.004714313738562549
2.229829427E9	0.00515893362213641
2.236084208E9	0.0037676778771311096
2.242338989E9	0.0017717646708973504
2.24859377E9	0.0038017318272214485
2.254848551E9	0.008277508037451671
2.261103332E9	0.010597653219193445
2.2650026815E9	0.013345268336789907
2.268130072E9	0.004981252904191865
2.273612894E9	0.008170549856182015
2.279867675E9	0.00541649659676334
2.286122456E9	0.0026295085311540084
2.292377237E9	0.001618921589740712
2.298632018E9	0.01717614093922713
2.304886799E9	0.0055122633390361706
2.31114158E9	0.004552037873108587
2.317396361E9	0.0015050886673730064
2.323651142E9	0.0038925423607956856
2.329905923E9	0.0016048523521447033
2.336160704E9	0.0012347354767497055
2.342415485E9	0.0013653555576126487
2.348670266E9	0.0027391846333228932
2.354925047E9	0.004737016371956108
2.361179828E9	0.0030264848601413864
2.367434609E9	0.0019006260970607924
2.37368939E9	0.005478848899745651
2.379944171E9	0.008230184238265097
2.386198952E9	0.009125819113411005
2.390520289E9	0.0240069383343391
2.3936476795E9	0.0024233957642424606
2.398708514E9	0.004448277245838024
2.404963295E9	3.9745596208724175E-4
2.411218076E9	4.606076535693256E-4
2.417472857E9	3.35583292204795E-4
2.423727638E9	2.8921875921794865E-4
2.429982419E9	9.332061346352495E-4
2.4341859365E9	0.0029043969717328904
2.435481448E9	0.0012649024885532023
2.4359472775E9	0.002020734849560754
2.436222009E9	0.0
2.436331585E9	0.0014146968550673826
2.436496635E9	0.0034383748903122594
2.4366169265E9	0.0026005310558156088
2.4366941585E9	0.0034274342153755434
2.436766E9	6.101379232831842E-4
2.436819353E9	0.001710748452447946
2.4368591105E9	0.006184098033627814
2.4368962735E9	9.684983178713427E-4
2.437000557E9	0.010943064176081166
2.4371043535E9	0.0021169829073231926
2.4371402335E9	0.0022687921666965194
2.4371709435E9	0.0
2.4372216E9	0.0013489392432314588
2.4372766875E9	0.0010330578512396695
2.437307417E9	0.0
2.437341641E9	8.681150480890046E-4
2.437383161E9	0.0020373341482669925
2.4374214205E9	8.590142811124234E-4
2.437484921E9	5.125405296994952E-4
2.437576736E9	0.002897284860621425
2.437636852E9	0.0
2.4376745905E9	7.735211496966983E-4
2.437712009E9	0.0
2.437735584E9	0.0
2.437913251E9	0.0037736414142170442
2.43809403E9	0.0
2.4381238925E9	0.0
2.4381572085E9	0.0
2.438241299E9	0.0028440772092118163
2.4383359355E9	0.0
2.438381819E9	0.001107879795042238
2.4384200785E9	9.65012124511308E-4
2.438465326E9	0.019328687526207543
2.43849888E9	0.0022317495742056733
2.43853909E9	5.994352688782674E-4
2.438582229E9	0.0
2.438624202E9	0.003422806701495226
2.4386758175E9	0.0
2.438769837E9	0.0
2.4388550795E9	0.0
2.438891209E9	0.0
2.4389283575E9	0.011668042320102049
2.438968857E9	7.360382739902475E-4
2.4390188965E9	8.308916779638781E-4
2.439053632E9	0.0016008762691157264
2.439076635E9	0.0
2.4391731955E9	6.789502025144569E-4
2.439271694E9	7.267163893669917E-4
2.4393246785E9	0.003958709160152335
2.4393802465E9	0.0024271844660194173
2.4394454115E9	7.675372154557757E-4
2.4395097875E9	0.0
2.4395368235E9	0.009368066398224998
2.439599951E9	0.00306131459913459
2.440694938E9	0.05404737514349465
2.4417602125E9	0.0
2.4419836755E9	0.0010755772264448588
2.442198178E9	0.0
2.4422277495E9	0.004396621543445563
2.4422609315E9	0.0
2.4422979225E9	0.0018013747333491348
2.442355235E9	0.0
2.4424025565E9	0.0
2.4424323675E9	0.0010691185117870316
2.442474497E9	0.003372825274842566
2.442511597E9	0.010418570645220252
2.442551107E9	0.0036775379850962934
2.4426250395E9	0.002546777546777547
2.4427040125E9	0.0036439607423962685
2.442770739E9	0.0
2.442820715E9	0.0
2.442915919E9	1.911656789773253E-4
2.4430297595E9	0.001831557739857749
2.4431275735E9	0.0011682422565521481
2.443208577E9	0.0
2.443241863E9	0.0
2.443281632E9	0.002630229810757194
2.443395462E9	8.534056904653796E-4
2.44351704E9	0.0012591328550837489
2.4435568565E9	0.0
2.443613901E9	0.006960923904445499
2.443673718E9	0.0
2.4437338475E9	0.002829002514668902
2.443817586E9	5.275066979468884E-4
2.443876631E9	0.0016502725121056174
2.443912022E9	0.003073314731691536
2.44393216E9	0.0
2.444160861E9	0.01812132939538989
2.4444234175E9	0.0033390184726993202
2.444477733E9	0.0
2.4445106145E9	0.005100272344639762
2.4446832505E9	9.839872475252722E-4
2.4448498015E9	0.0
2.4448967405E9	0.004492978768771513
2.44495272E9	0.0025269432625645233
2.445297621E9	0.0036223719932059156
2.445747526E9	0.003417749669344424
2.44588364E9	0.0025127206482819272
2.4459039345E9	0.0
2.4459362935E9	0.0
2.4459849065E9	0.001329182552730071
2.4460381985E9	0.0
2.446082784E9	0.0010059097196026656
2.446114504E9	0.0
2.446153886E9	0.0
2.446192627E9	0.001875586120662707
2.4462487E9	0.017626151772085614
2.4463541845E9	0.00512308606124604
2.4464326925E9	0.016117318435754188
2.4464881335E9	0.0
2.4465386305E9	0.0
2.4465811345E9	0.0013029646676594017
2.4466226795E9	0.0015837292656497458
2.4466874535E9	7.200106106826838E-4
2.446751977E9	0.004852509258076874
2.4467935945E9	0.002561012353118409
2.44683256E9	0.0
2.446892003E9	0.0
2.4469761495E9	0.0
2.447033892E9	0.0
2.4470751885E9	0.009105578607653297
2.4471149275E9	7.817036673069192E-4
2.447169335E9	0.003950594150622258
2.4477813385E9	0.11847588636218648
2.4483690695E9	0.0
2.448394737E9	0.0
2.448431991E9	0.001474048979802943
2.448472176E9	0.0
2.4485328275E9	0.0010929373633828297
2.448585362E9	0.0
2.448827071E9	0.001563486049817557
2.449071171E9	0.0
2.449109857E9	0.0012096004074443477
2.449143628E9	0.0037220236054654977
2.4491619705E9	0.10555760481986967
2.449253137E9	0.004787224433511776
2.4493559315E9	8.349779869439805E-4
2.449491079E9	0.001616306933653417
2.449617197E9	0.03540977496156176
2.449638633E9	0.3817086272128544
2.4496623465E9	0.0
2.4496906345E9	0.0012435368806859087
2.4498017735E9	4.068433131650323E-4
2.449908544E9	0.0
2.449958816E9	0.00246433697902773
2.450012049E9	0.007677612370688101
2.4500918715E9	0.0044047853709572255
2.4502351925E9	4.911464391883158E-4
2.4503224265E9	0.0
2.4503520895E9	0.0
2.4503901925E9	0.0015570367132867133
2.4504392215E9	0.005353946297803092
2.450483764E9	0.0
2.4505260615E9	0.0013342696629213484
2.4505866755E9	0.01190328001493745
2.4506321305E9	0.0
2.45066065E9	0.0
2.450692343E9	0.0
2.450721274E9	0.0
2.4507515595E9	0.0
2.4509958385E9	0.0015545643245153027
2.4512407935E9	0.0
2.4513454085E9	0.003786734812405622
2.451443506E9	0.0
2.45147322E9	0.0
2.451509764E9	0.001008626410086264
2.4515406605E9	0.0
2.451563948E9	0.0
2.451612253E9	0.0010518792226882256
2.4516958025E9	3.2276805887289394E-4
2.4517651215E9	0.0014006828328810294
2.4518244405E9	5.209332931209388E-4
2.451867533E9	0.0
2.4518761985E9	0.0
2.4518922755E9	0.0013897797733589908
2.451937953E9	0.001327160981467145
2.4520175765E9	8.545761510723889E-4
2.452272439E9	9.256327775508675E-4
2.452487096E9	0.0029595316219520043
2.4525227715E9	0.013994409403669725
2.4525659085E9	0.004135757894045821
2.452606425E9	0.002254434710384243
2.4526421775E9	0.0016238418187028369
2.452662285E9	0.0
2.4527027355E9	0.0049818252628845905
2.4527511755E9	0.0
2.452786276E9	0.0
2.4528150735E9	0.0
2.452845391E9	0.0010003948927208108
2.4528834135E9	9.984235417761428E-4
2.4529142885E9	8.442380751371887E-4
2.4539889335E9	0.007319345126082047
2.455061236E9	0.004051565377532229
2.4550812075E9	0.0019104021396503963
2.4551044145E9	0.00816454702465065
2.4551295925E9	0.001527331189710611
2.455187996E9	0.03754065726065248
2.4552520915E9	0.0
2.455311046E9	0.0037601812725825217
2.4553601185E9	0.002303030303030303
2.455383787E9	0.009112429873204268
2.455448601E9	0.0017511716654351106
2.456813465E9	0.028487949350364528
2.4587350945E9	0.03820519630923137
2.4593643125E9	0.0
2.4594118945E9	0.0
2.459461587E9	0.3176914671699613
2.459499375E9	0.0030109742086288182
2.459527583E9	0.006094627105052125
2.45957549E9	0.002939401909064187
2.459641151E9	5.698603842058695E-4
2.4597028055E9	0.001289160456327482
2.4597401855E9	1.5015440608801147
2.459873351E9	0.001325559938274838
2.460006323E9	0.0
2.4600241585E9	0.0010600312430261102
2.4600670475E9	5.600259380434462E-4
2.4602155585E9	0.00300652796201913
2.460353567E9	0.0
2.460420762E9	4.3408231571492216E-4
2.460478373E9	0.0056356345507749
2.460507487E9	0.0
2.4606103E9	0.0010909360917071723
2.4607365385E9	0.0031266957802527197
2.460797819E9	8.85680756371366E-4
2.460832386E9	0.004755746527053523
2.460860405E9	0.0011850188667477468
2.460894868E9	5.697387340947937E-4
2.461555367E9	0.0019063356848440863
2.4622610795E9	0.0011941611803340509
2.462358659E9	6.188027639856791E-4
2.4624188285E9	0.00905348225517478
2.4624577405E9	5.171937849988169
2.462507482E9	6.745362563237774E-4
2.4625567555E9	0.004913602489558595
2.4626470705E9	7.490013315579227E-4
2.4627360195E9	0.002858460119870908
2.462757159E9	0.0
2.462775298E9	0.0
2.4627977195E9	0.0
2.4628284705E9	0.0
2.4629254145E9	0.0014114151293797201
2.4632378965E9	0.008469565667725453
2.4634859155E9	0.019255534433065553
2.4635166735E9	0.0
2.4635499615E9	0.0031321335669161755
2.463621386E9	3.613025909198954E-4
2.463686502E9	0.006066169134373628
2.463747975E9	7.763895841207899E-4
2.4638951165E9	0.00214365000967443
2.4640080855E9	0.0012862171676144057
2.4640344775E9	0.014974182444061962
2.4640636635E9	0.0
2.4640934275E9	0.001557632398753894
2.464115347E9	0.025870493236640438
2.4641470735E9	0.0026130424903431037
2.4641831055E9	0.0027803521779425394
2.464217489E9	0.0028000884238449635
2.464252411E9	0.010195324568329271
2.4642809655E9	0.0013582100221602687
2.464307111E9	1.1067330234853783
2.464351491E9	0.0019550948841683866
2.46441294E9	7.185505808283861E-4
2.464472782E9	6.205804059902341E-4
2.464567508E9	3.977569626966362E-4
2.464667165E9	0.005851325690976862
2.464725743E9	0.001649985888278587
2.464766986E9	0.0010432395332875771
2.464804586E9	0.01789813023855577
2.4648337145E9	0.0
2.464898893E9	0.0010191657271702368
2.4649661855E9	0.0
2.464996687E9	0.0
2.465048669E9	5.999610025348353E-4
2.465101128E9	0.0
2.4652866375E9	0.0013973531426922938
2.465480783E9	0.0014409481438786723
2.465523544E9	0.0037996200379962005
2.4655749875E9	0.0036770759014324132
2.4656351915E9	6.3125999494992E-4
2.4656685705E9	0.0
2.465716166E9	0.0030016983293179034
2.465765498E9	0.0
2.465945896E9	5.915602104771229E-4
2.466140228E9	0.0016411270390509144
2.4661756655E9	0.0
2.4661992735E9	0.0014117996730569177
2.466281223E9	0.0017812429279545636
2.466362446E9	0.0
2.4663877685E9	0.0
2.466442229E9	0.004155769713036936
2.4665602875E9	0.0012468991586711993
2.466658048E9	0.0031754861738868415
2.466703826E9	0.0016524487224505815
2.466745126E9	0.0
2.4668071015E9	0.0
2.46688518E9	5.723494946756435E-4
2.467037447E9	0.022654645777081647
2.467181639E9	6.966144537547519E-4
2.467219048E9	0.0
2.4672616905E9	6.423982869379015E-4
2.4673575785E9	0.0
2.467430665E9	15.478056530085391
2.4674942E9	3.393978367853666E-4
2.4675799265E9	0.0
2.467645311E9	0.006327249259950336
2.4677022645E9	0.0
2.4677513005E9	0.0
2.467809639E9	6.205804059902341E-4
2.4679084365E9	0.0021633592936448572
2.468047528E9	0.002545462237609381
2.4681950265E9	0.001971588238366324
2.4683142755E9	0.0
2.4684182815E9	2.934224468171815E-4
2.4684976755E9	0.0021053797994348717
2.4687344355E9	0.001703160792095505
2.468978526E9	0.0
2.4690397585E9	0.0010319917440660474
2.4691048855E9	0.0
2.4693658865E9	0.00242958308699461
2.469671577E9	8.517714818795757E-4
2.4697747485E9	0.003423719528896193
2.4698301035E9	7.26660802386507E-4
2.4698759745E9	0.0
2.4699046215E9	0.0
2.47027602E9	0.00621283369496697
2.4715969305E9	0.0037378643309144595
2.472562919E9	0.0
2.4725864015E9	5.963965095109548E-4
2.472632498E9	0.0
2.4726790555E9	0.0
2.4727199355E9	0.0015516537362188648
2.4727572705E9	0.0
2.472803104E9	0.0033648089485729875
2.4728620585E9	0.0901948702148964
2.4729030845E9	0.0012616201859229747
2.472935294E9	0.004664859033791073
2.4731442225E9	0.00391335860547818
2.473370159E9	0.0017126546146527116
2.473478356E9	7.90118787944273E-4
2.473565872E9	0.0
2.4735955945E9	0.0
2.473639085E9	0.0043127970783093834
2.4736991615E9	0.0012030945419103313
2.4737435485E9	0.0
2.4737699885E9	0.0
2.4738076105E9	9.675858732462506E-4
2.473851051E9	0.0
2.4739598715E9	0.0022016183029381392
2.4740919655E9	8.868272051299543E-4
2.4741492435E9	0.0028945192090820237
2.474210067E9	6.418012520385081E-4
2.474280647E9	0.025718312913368752
2.47434537E9	0.003192089378502598
2.4744065845E9	0.011125888792265589
2.474459575E9	0.0017044689981011618
2.47451246E9	7.971815773909018E-4
2.4745473155E9	0.006845315338697119
2.4746258115E9	0.0028454124659184577
2.4746986435E9	0.006052523594583505
2.4747544735E9	4.34008940584176E-4
2.474823029E9	0.0
2.475177273E9	0.001449797374992653
2.475528473E9	0.004220386525643995
2.47556256E9	0.002797202797202797
2.475589468E9	0.0
2.4756138075E9	0.0
2.4756554225E9	0.0
2.475730982E9	0.0011513354404944225
2.4757911715E9	0.0
2.47581765E9	0.0
2.47591862E9	0.0030908937082264024
2.476040671E9	0.0
2.4761056135E9	0.002124353974444339
2.4761651295E9	6.791292847696322E-4
2.4762116045E9	0.006162828413882582
2.4762661095E9	0.0016663426555947455
2.476318364E9	0.0024619172180335436
2.4763761195E9	0.017755613375734797
2.4764339E9	0.0
2.4764660815E9	0.0011942925388145076
2.476518203E9	0.0011045909561615463
2.4765664455E9	0.011554447215295095
2.4766289355E9	0.0026060245739199365
2.476687908E9	0.0022320117474302495
2.476716172E9	0.0
2.476786027E9	0.0010378516470905227
2.4768532775E9	0.0012247040298594507
2.4768818505E9	0.003325748293366007
2.4769194115E9	0.0
2.4769566735E9	0.0018873011593421407
2.476979742E9	0.00477326968973747
2.4770402325E9	4.016560588271643E-4
2.477104581E9	0.004810278806291339
2.477149404E9	0.005047633813978328
2.4772185245E9	9.35232062249046E-4
2.4774112495E9	0.0015527950310559005
2.477579022E9	0.0
2.477648046E9	6.031978767434739E-4
2.477721887E9	9.768804949527841E-4
2.4777598375E9	0.0033909611429206736
2.4778210295E9	0.0018980163414577692
2.4779007075E9	0.004043865661411926
2.477973489E9	0.010920909479018909
2.4780226875E9	0.00147378219050574
2.4780929165E9	0.0010028428414461865
2.478171563E9	0.0
2.4782058265E9	0.004400185270958777
2.478260187E9	0.0013524446644850446
2.478386067E9	0.02345706049826277
2.478498242E9	0.0035738136923993287
2.4785487045E9	0.0
2.4785820975E9	0.0
2.4786327915E9	0.0014227946682641905
2.478684493E9	0.004983031917178573
2.4787422225E9	0.0012367107832501627
2.4788230635E9	9.783891111047164E-4
2.478937111E9	5.990176111177668E-4
2.4790437355E9	7.867388758782201E-4
2.479094515E9	0.0
2.4791345205E9	0.0022955176996496316
2.479335362E9	8.519297293630876E-4
2.4795278015E9	0.009813542688910697
2.4795648885E9	0.0
2.479682681E9	0.0023802155136032413
2.4799235075E9	0.006195342471161882
2.4800933745E9	0.008241144261928707
2.4807048765E9	0.0019718532893983195
2.481320752E9	0.0
2.4813665385E9	0.0
2.48140226E9	8.192356531356244E-4
2.481440279E9	0.009782082324455205
2.4816421655E9	0.0031464043527153355
2.4818638935E9	0.0
2.4819734265E9	0.0
2.482114218E9	0.0026783682756379
2.4822176175E9	0.0014346660625967455
2.482257951E9	0.0027443758350485683
2.4823043185E9	0.00957842624765536
2.482356838E9	0.002450183763782284
2.4824194285E9	4.695717505634861E-4
2.4824922495E9	0.012438386979390651
2.482530206E9	0.002458751213199612
2.48254927E9	0.0
2.4825740585E9	0.0034195658638120725
2.4825954025E9	0.00240750126710593
2.482749547E9	0.001029042238594212
2.482915026E9	0.0020284503159701452
2.4830099305E9	0.001493168424112688
2.483098542E9	0.0016236904163606139
2.4831297665E9	0.0
2.4832225995E9	0.0036288267017252017
2.483307695E9	0.0
2.4833678925E9	0.0016114736926919667
2.483526776E9	0.0015928304322154533
2.483800348E9	8.154199564906516E-4
2.483973853E9	0.0
2.484000743E9	0.0
2.484111909E9	2.0332054554112692E-4
2.484235197E9	9.718661505722281E-4
2.484297764E9	0.0
2.484386087E9	0.0010432499033195134
2.4844595665E9	0.0
2.484702679E9	6.815300905524833E-4
2.4849635415E9	0.0048268507605096255
2.485717932E9	0.0010573817419390293
2.4864486425E9	0.0
2.4864913895E9	0.0
2.486552132E9	0.003689544065844171
2.486590931E9	0.0021470139555907113
2.486615905E9	0.0
2.4867479825E9	0.0023242175709123525
2.486881635E9	0.003276928726800192
2.4869431535E9	0.003993701362422693
2.4871683075E9	0.00467367027876582
2.4873714075E9	8.95933838731909E-4
2.487518213E9	5.398250966686793E-4
2.487672354E9	0.005927733200460473
2.487750574E9	7.43085739879274E-4
2.4878108015E9	0.0
2.4878315905E9	0.005887821506042764
2.487852435E9	0.0
2.488070908E9	0.002233375701547686
2.4883408915E9	0.0016833136547850782
2.4884297525E9	0.021556497498758927
2.488929389E9	0.0021786906523293403
2.489988178E9	0.001728056965231289
2.4905832505E9	0.0020548648926333093
2.490620518E9	0.0014527229475748606
2.490711051E9	1.5873393810963754E-4
2.4907818615E9	0.0
2.490827011E9	0.0012855708068295949
2.490887993E9	0.0
2.4910078605E9	9.249347869012606E-4
2.491120062E9	0.0
2.4911550945E9	0.0
2.491191665E9	0.6160477264293666
2.4913858835E9	0.0020769431019456485
2.4915908405E9	0.009431958945319412
2.4916947605E9	0.001460384589968942
2.491887503E9	0.0012598492451581218
2.4920469715E9	0.0012620603429973343
2.4921081355E9	0.0030362755020508178
2.4921358895E9	0.0
2.4922377785E9	8.287768545227537E-4
2.4923567155E9	7.299550501363864E-4
2.492417984E9	0.0034620241490373018
2.492465549E9	0.0
2.4924956795E9	0.0053355798932884025
2.4925470565E9	0.0
2.4925966285E9	0.001375
2.4926257805E9	0.0
2.4926562885E9	0.004407697626181148
2.492734282E9	0.0
2.49280396E9	0.0
2.4928324715E9	0.0021056956499409378
2.492949622E9	0.002170363279910319
2.493096672E9	0.0032104191774440204
2.4931610665E9	0.001264643237486688
2.4932022275E9	0.008761525806328194
2.4932578605E9	0.001983319772172498
2.493324002E9	0.0042570029062231375
2.4938176615E9	0.004870747942076173
2.4942911705E9	0.0017277963019096695
2.494327711E9	0.0
2.4943613185E9	0.0
2.4944029985E9	0.001493705099935984
2.494444616E9	0.0014815363531982665
2.4944797095E9	0.001759748078169862
2.494568799E9	0.002318673096724967
2.494699606E9	6.002069134359477E-4
2.4950789155E9	9.84183444199014E-4
2.4955262665E9	4.149124877239195E-4
2.495855529E9	0.0016800608358871101
2.496129203E9	0.005701878848273268
2.496221071E9	0.002949669326543919
2.4962691325E9	0.0
2.496354352E9	3.9428104728556274E-4
2.496480418E9	0.0010026852735751223
2.496569206E9	0.005505677730159227
2.4966061925E9	0.007379898109793839
2.4966402685E9	0.0
2.496672391E9	0.0
2.496752605E9	0.0
2.496840605E9	0.8729295150081049
2.496921052E9	0.0013150163677569178
2.497020378E9	0.00923120672871846
2.497076478E9	0.003707091618121419
2.497106008E9	8.096320091932409E-4
2.4971581175E9	0.0
2.4972368675E9	0.0
2.497295261E9	0.00376729983741127
2.497323699E9	0.008686313528538488
2.4973601595E9	0.020260772623721585
2.4973894495E9	0.0
2.497412497E9	0.5140563644577266
2.4974370005E9	0.0
2.4974565095E9	0.0
2.4974934755E9	8.160452633106049E-4
2.4975409615E9	0.002962739781058552
2.497600074E9	0.002691429518986696
2.497663937E9	0.003993594031908208
2.497707535E9	0.0015052684395383843
2.4978022595E9	0.009387658165217506
2.497887721E9	0.0020681453906209605
2.4979739015E9	0.0023395634557574173
2.4980967935E9	4.5276184726833685E-4
2.498156429E9	0.0014335835816954013
2.498222014E9	7.739124619015315E-4
2.4983031195E9	0.0
2.498352908E9	0.007780342144709605
2.4983862465E9	0.0
2.498519072E9	0.0019086899333203321
2.4986720125E9	0.011513918431517618
2.499067225E9	0.010535499423193812
2.499457056E9	0.006615540977547815
2.499558702E9	2.6143440342680174E-4
2.499643232E9	0.02258210531609918
2.4996695595E9	0.0
2.4997656E9	0.00648425387140714
2.499866201E9	0.0
2.4999257565E9	4.92113237846098E-4
2.5000122405E9	0.0019947780678851177
2.500079647E9	0.0
2.5001149595E9	0.003960458779545022
2.500146441E9	0.0020699977707716315
2.5005294025E9	0.6258451074304106
2.5009244085E9	6.848080735267616E-4
2.500984113E9	4.693440135171076E-4
2.501074184E9	0.0016864131884394655
2.5011398435E9	0.0021197668256491787
2.50116409E9	0.0
2.5012027325E9	8.430550492161867E-4
2.501235086E9	0.00182525577597387
2.5014644655E9	0.0020048408457779606
2.5016922895E9	0.0
2.5017581345E9	0.0012019441666228001
2.501841723E9	0.0021430585581351633
2.501882048E9	0.0
2.501904082E9	0.0022873653163185455
