#Coverage	Number of genomic locations
0.0	2.498383656E9
1.0	417059.0
2.0	1620306.0
3.0	54205.0
4.0	528895.0
5.0	34160.0
6.0	304915.0
7.0	22969.0
8.0	191554.0
9.0	16312.0
10.0	117705.0
11.0	10389.0
12.0	71154.0
13.0	6801.0
14.0	40691.0
15.0	5078.0
16.0	22554.0
17.0	3009.0
18.0	12647.0
19.0	1776.0
20.0	7121.0
21.0	1338.0
22.0	4270.0
23.0	962.0
24.0	2603.0
25.0	771.0
26.0	2075.0
27.0	741.0
28.0	1442.0
29.0	497.0
30.0	1063.0
31.0	523.0
32.0	905.0
33.0	559.0
34.0	709.0
35.0	346.0
36.0	636.0
37.0	255.0
38.0	485.0
39.0	268.0
40.0	379.0
41.0	336.0
42.0	415.0
43.0	143.0
44.0	248.0
45.0	187.0
46.0	189.0
47.0	110.0
48.0	242.0
49.0	135.0
50.0	231.0
51.0	225.0
52.0	250.0
53.0	126.0
54.0	161.0
55.0	114.0
56.0	159.0
57.0	169.0
58.0	106.0
59.0	154.0
60.0	88.0
61.0	101.0
62.0	175.0
63.0	190.0
64.0	72.0
65.0	104.0
66.0	150.0
67.0	124.0
68.0	162.0
69.0	76.0
70.0	143.0
71.0	72.0
72.0	126.0
73.0	91.0
74.0	164.0
75.0	65.0
76.0	128.0
77.0	71.0
78.0	45.0
79.0	65.0
80.0	74.0
81.0	77.0
82.0	125.0
83.0	33.0
84.0	111.0
85.0	68.0
86.0	86.0
87.0	101.0
88.0	67.0
89.0	91.0
90.0	53.0
91.0	100.0
92.0	28.0
93.0	39.0
94.0	73.0
95.0	28.0
96.0	75.0
97.0	46.0
98.0	86.0
99.0	51.0
100.0	44.0
101.0	65.0
102.0	79.0
103.0	40.0
104.0	69.0
105.0	63.0
106.0	51.0
107.0	72.0
108.0	48.0
109.0	39.0
110.0	60.0
111.0	21.0
112.0	51.0
113.0	66.0
114.0	53.0
115.0	32.0
116.0	59.0
117.0	55.0
118.0	57.0
119.0	45.0
120.0	58.0
121.0	18.0
122.0	47.0
123.0	35.0
124.0	60.0
125.0	16.0
126.0	83.0
127.0	39.0
128.0	87.0
129.0	20.0
130.0	65.0
131.0	18.0
132.0	51.0
133.0	20.0
134.0	84.0
135.0	56.0
136.0	47.0
137.0	53.0
138.0	50.0
139.0	33.0
140.0	31.0
141.0	30.0
142.0	23.0
143.0	40.0
144.0	34.0
145.0	13.0
146.0	24.0
147.0	38.0
148.0	15.0
149.0	29.0
150.0	18.0
151.0	15.0
152.0	23.0
153.0	16.0
154.0	13.0
155.0	33.0
156.0	17.0
157.0	14.0
158.0	17.0
159.0	32.0
160.0	36.0
161.0	49.0
162.0	20.0
163.0	74.0
164.0	25.0
165.0	22.0
166.0	61.0
167.0	22.0
168.0	16.0
169.0	39.0
170.0	14.0
171.0	27.0
172.0	30.0
173.0	25.0
174.0	68.0
175.0	14.0
176.0	28.0
177.0	48.0
178.0	29.0
179.0	25.0
180.0	38.0
181.0	18.0
182.0	22.0
183.0	19.0
184.0	27.0
185.0	12.0
186.0	33.0
187.0	18.0
188.0	16.0
189.0	12.0
190.0	26.0
191.0	17.0
192.0	12.0
193.0	14.0
194.0	26.0
195.0	40.0
196.0	53.0
197.0	13.0
198.0	20.0
199.0	22.0
200.0	16.0
201.0	45.0
202.0	20.0
203.0	18.0
204.0	10.0
205.0	13.0
206.0	41.0
207.0	27.0
208.0	6.0
209.0	13.0
210.0	19.0
211.0	37.0
212.0	13.0
213.0	8.0
214.0	65.0
215.0	7.0
216.0	26.0
217.0	11.0
218.0	20.0
219.0	15.0
220.0	27.0
221.0	7.0
222.0	10.0
223.0	19.0
224.0	41.0
225.0	11.0
226.0	9.0
227.0	20.0
228.0	13.0
229.0	13.0
230.0	11.0
231.0	23.0
232.0	19.0
233.0	21.0
234.0	14.0
235.0	19.0
236.0	11.0
237.0	16.0
238.0	30.0
239.0	17.0
240.0	12.0
241.0	18.0
242.0	9.0
243.0	34.0
244.0	14.0
245.0	15.0
246.0	16.0
247.0	40.0
248.0	32.0
249.0	14.0
250.0	25.0
251.0	12.0
252.0	13.0
253.0	17.0
254.0	17.0
255.0	23.0
256.0	11.0
257.0	13.0
258.0	3.0
259.0	13.0
260.0	16.0
261.0	18.0
262.0	15.0
263.0	21.0
264.0	16.0
265.0	8.0
266.0	8.0
267.0	22.0
268.0	7.0
269.0	6.0
270.0	12.0
271.0	9.0
272.0	11.0
273.0	10.0
274.0	12.0
275.0	33.0
276.0	18.0
277.0	11.0
278.0	13.0
279.0	19.0
280.0	8.0
281.0	4.0
282.0	11.0
283.0	11.0
284.0	5.0
285.0	10.0
286.0	17.0
287.0	17.0
288.0	6.0
289.0	5.0
290.0	5.0
291.0	7.0
292.0	8.0
293.0	7.0
294.0	2.0
295.0	9.0
296.0	14.0
297.0	5.0
298.0	8.0
299.0	15.0
300.0	4.0
301.0	4.0
302.0	7.0
303.0	19.0
304.0	5.0
305.0	7.0
306.0	12.0
307.0	25.0
308.0	4.0
309.0	8.0
310.0	11.0
311.0	9.0
312.0	6.0
313.0	7.0
314.0	10.0
315.0	14.0
316.0	9.0
317.0	10.0
318.0	10.0
319.0	26.0
320.0	9.0
321.0	10.0
322.0	9.0
323.0	14.0
324.0	27.0
325.0	22.0
326.0	8.0
327.0	7.0
328.0	6.0
329.0	12.0
330.0	5.0
331.0	29.0
332.0	7.0
333.0	11.0
334.0	6.0
335.0	20.0
336.0	11.0
337.0	20.0
338.0	11.0
339.0	11.0
340.0	10.0
341.0	6.0
342.0	11.0
343.0	25.0
344.0	8.0
345.0	22.0
346.0	6.0
347.0	6.0
348.0	4.0
349.0	4.0
350.0	5.0
351.0	12.0
352.0	6.0
353.0	9.0
354.0	9.0
355.0	5.0
356.0	8.0
357.0	8.0
358.0	5.0
359.0	6.0
360.0	4.0
361.0	6.0
362.0	5.0
363.0	6.0
364.0	7.0
365.0	1.0
366.0	9.0
367.0	2.0
368.0	10.0
369.0	6.0
370.0	7.0
371.0	9.0
372.0	7.0
373.0	11.0
374.0	10.0
375.0	11.0
376.0	12.0
377.0	12.0
378.0	11.0
379.0	10.0
380.0	13.0
381.0	47.0
382.0	14.0
383.0	17.0
384.0	21.0
385.0	12.0
386.0	20.0
387.0	8.0
388.0	9.0
389.0	21.0
390.0	21.0
391.0	21.0
392.0	5.0
393.0	6.0
394.0	5.0
395.0	2.0
396.0	5.0
397.0	3.0
398.0	7.0
399.0	5.0
400.0	7.0
401.0	3.0
402.0	15.0
403.0	1.0
404.0	4.0
405.0	1.0
406.0	3.0
407.0	5.0
408.0	3.0
409.0	8.0
410.0	3.0
411.0	3.0
412.0	2.0
413.0	1.0
414.0	6.0
415.0	3.0
416.0	3.0
417.0	5.0
418.0	3.0
419.0	6.0
420.0	5.0
421.0	7.0
422.0	6.0
423.0	3.0
424.0	6.0
425.0	20.0
426.0	21.0
427.0	7.0
428.0	7.0
429.0	6.0
430.0	8.0
431.0	12.0
432.0	5.0
433.0	14.0
434.0	15.0
435.0	6.0
436.0	6.0
437.0	8.0
438.0	3.0
439.0	6.0
440.0	2.0
441.0	4.0
442.0	2.0
443.0	4.0
444.0	5.0
445.0	1.0
446.0	1.0
447.0	1.0
448.0	7.0
449.0	3.0
450.0	9.0
451.0	20.0
452.0	3.0
453.0	2.0
454.0	5.0
455.0	3.0
456.0	24.0
457.0	3.0
458.0	3.0
459.0	1.0
460.0	1.0
461.0	4.0
462.0	4.0
463.0	3.0
464.0	4.0
465.0	3.0
466.0	4.0
467.0	1.0
468.0	5.0
469.0	4.0
470.0	4.0
471.0	2.0
472.0	5.0
473.0	3.0
474.0	9.0
475.0	4.0
476.0	3.0
477.0	9.0
478.0	17.0
479.0	4.0
481.0	1.0
482.0	1.0
483.0	3.0
485.0	3.0
486.0	4.0
488.0	5.0
489.0	4.0
490.0	5.0
491.0	7.0
492.0	8.0
493.0	4.0
494.0	4.0
495.0	2.0
496.0	3.0
497.0	4.0
498.0	6.0
499.0	4.0
500.0	1.0
501.0	5.0
502.0	7.0
503.0	2.0
504.0	3.0
505.0	4.0
506.0	5.0
507.0	4.0
508.0	6.0
509.0	2.0
510.0	1.0
511.0	6.0
512.0	8.0
513.0	3.0
514.0	5.0
515.0	4.0
516.0	1.0
517.0	2.0
518.0	3.0
519.0	2.0
520.0	7.0
522.0	3.0
523.0	12.0
524.0	2.0
525.0	3.0
526.0	1.0
527.0	3.0
528.0	1.0
529.0	5.0
530.0	2.0
531.0	3.0
532.0	1.0
533.0	3.0
534.0	2.0
535.0	1.0
536.0	6.0
537.0	1.0
538.0	1.0
539.0	4.0
540.0	2.0
541.0	4.0
542.0	6.0
543.0	1.0
544.0	4.0
545.0	4.0
546.0	10.0
547.0	21.0
548.0	4.0
549.0	3.0
550.0	1.0
551.0	3.0
552.0	2.0
553.0	1.0
554.0	3.0
555.0	1.0
556.0	1.0
558.0	3.0
559.0	3.0
560.0	1.0
561.0	1.0
562.0	2.0
563.0	1.0
564.0	5.0
566.0	2.0
567.0	9.0
568.0	4.0
569.0	2.0
570.0	1.0
572.0	4.0
573.0	2.0
574.0	2.0
575.0	2.0
576.0	3.0
577.0	3.0
578.0	6.0
579.0	2.0
580.0	12.0
581.0	2.0
582.0	2.0
583.0	3.0
584.0	2.0
585.0	2.0
586.0	4.0
587.0	3.0
588.0	2.0
589.0	2.0
590.0	1.0
591.0	2.0
592.0	2.0
593.0	2.0
594.0	3.0
595.0	1.0
596.0	1.0
597.0	3.0
599.0	1.0
600.0	2.0
601.0	2.0
602.0	2.0
603.0	3.0
604.0	4.0
605.0	2.0
606.0	2.0
608.0	4.0
609.0	21.0
610.0	1.0
611.0	3.0
612.0	2.0
613.0	1.0
614.0	3.0
616.0	2.0
617.0	4.0
618.0	1.0
620.0	3.0
621.0	3.0
622.0	4.0
623.0	3.0
624.0	3.0
625.0	1.0
626.0	1.0
627.0	1.0
628.0	3.0
629.0	2.0
630.0	2.0
632.0	2.0
633.0	5.0
634.0	20.0
635.0	1.0
636.0	3.0
637.0	2.0
638.0	5.0
639.0	1.0
640.0	2.0
641.0	1.0
642.0	2.0
643.0	5.0
644.0	4.0
645.0	5.0
646.0	2.0
647.0	2.0
648.0	7.0
649.0	4.0
650.0	4.0
651.0	3.0
652.0	3.0
653.0	3.0
654.0	8.0
655.0	6.0
656.0	3.0
657.0	12.0
658.0	3.0
659.0	2.0
660.0	3.0
661.0	2.0
662.0	2.0
663.0	2.0
664.0	1.0
665.0	4.0
666.0	2.0
667.0	6.0
668.0	4.0
669.0	4.0
670.0	22.0
671.0	2.0
672.0	5.0
673.0	1.0
674.0	4.0
675.0	15.0
676.0	4.0
677.0	3.0
678.0	22.0
679.0	2.0
680.0	2.0
681.0	4.0
682.0	4.0
683.0	4.0
684.0	5.0
685.0	3.0
686.0	19.0
687.0	2.0
688.0	5.0
689.0	5.0
690.0	8.0
691.0	2.0
692.0	3.0
693.0	4.0
694.0	3.0
695.0	5.0
696.0	7.0
697.0	2.0
698.0	10.0
699.0	3.0
700.0	7.0
701.0	2.0
702.0	13.0
703.0	3.0
704.0	3.0
705.0	3.0
706.0	3.0
707.0	4.0
708.0	4.0
709.0	3.0
710.0	5.0
711.0	7.0
712.0	8.0
713.0	5.0
714.0	8.0
715.0	12.0
716.0	1.0
717.0	3.0
718.0	3.0
719.0	3.0
720.0	2.0
721.0	5.0
722.0	2.0
723.0	8.0
724.0	2.0
725.0	5.0
726.0	3.0
727.0	4.0
728.0	3.0
729.0	2.0
730.0	3.0
731.0	2.0
732.0	3.0
733.0	4.0
734.0	2.0
735.0	4.0
736.0	1.0
737.0	6.0
738.0	3.0
739.0	6.0
740.0	5.0
741.0	5.0
742.0	11.0
743.0	8.0
744.0	4.0
745.0	8.0
746.0	2.0
747.0	3.0
748.0	3.0
749.0	1.0
750.0	4.0
751.0	5.0
752.0	3.0
753.0	3.0
754.0	3.0
756.0	3.0
757.0	1.0
758.0	2.0
759.0	4.0
760.0	3.0
762.0	4.0
763.0	6.0
764.0	1.0
766.0	2.0
767.0	3.0
768.0	2.0
769.0	4.0
770.0	2.0
771.0	2.0
772.0	2.0
773.0	1.0
774.0	6.0
776.0	3.0
777.0	1.0
778.0	4.0
779.0	2.0
780.0	3.0
782.0	2.0
783.0	1.0
784.0	2.0
785.0	2.0
786.0	3.0
787.0	4.0
788.0	3.0
789.0	4.0
790.0	1.0
791.0	4.0
792.0	3.0
793.0	2.0
794.0	2.0
795.0	4.0
796.0	4.0
797.0	2.0
798.0	5.0
799.0	3.0
800.0	1.0
801.0	3.0
802.0	2.0
803.0	4.0
804.0	3.0
805.0	3.0
806.0	3.0
807.0	4.0
808.0	2.0
809.0	6.0
810.0	4.0
811.0	3.0
812.0	6.0
813.0	2.0
814.0	2.0
815.0	4.0
816.0	4.0
817.0	1.0
818.0	4.0
819.0	3.0
820.0	4.0
821.0	3.0
822.0	5.0
823.0	3.0
824.0	3.0
825.0	6.0
826.0	3.0
827.0	4.0
828.0	4.0
829.0	3.0
830.0	2.0
831.0	1.0
832.0	1.0
833.0	4.0
834.0	4.0
835.0	2.0
836.0	2.0
837.0	6.0
838.0	1.0
839.0	1.0
840.0	5.0
841.0	5.0
842.0	4.0
843.0	2.0
844.0	15.0
845.0	10.0
846.0	4.0
847.0	2.0
848.0	1.0
849.0	2.0
850.0	2.0
851.0	2.0
853.0	3.0
854.0	1.0
855.0	3.0
856.0	5.0
857.0	1.0
858.0	2.0
859.0	4.0
861.0	1.0
863.0	3.0
864.0	4.0
865.0	2.0
866.0	3.0
867.0	3.0
868.0	2.0
869.0	4.0
870.0	1.0
871.0	4.0
872.0	2.0
873.0	3.0
874.0	2.0
876.0	1.0
878.0	1.0
879.0	2.0
880.0	2.0
881.0	2.0
882.0	1.0
883.0	2.0
884.0	3.0
885.0	2.0
886.0	1.0
887.0	4.0
888.0	1.0
889.0	2.0
890.0	3.0
891.0	3.0
892.0	1.0
893.0	2.0
894.0	1.0
895.0	4.0
896.0	4.0
897.0	1.0
898.0	3.0
899.0	2.0
901.0	4.0
902.0	3.0
903.0	1.0
904.0	3.0
905.0	3.0
906.0	4.0
907.0	6.0
908.0	3.0
909.0	15.0
910.0	24.0
911.0	2.0
912.0	2.0
913.0	2.0
914.0	2.0
915.0	3.0
916.0	2.0
917.0	2.0
918.0	2.0
919.0	3.0
920.0	5.0
921.0	4.0
922.0	2.0
923.0	4.0
924.0	3.0
925.0	3.0
926.0	3.0
927.0	2.0
928.0	2.0
929.0	1.0
930.0	2.0
931.0	3.0
932.0	1.0
933.0	4.0
936.0	2.0
937.0	1.0
938.0	2.0
939.0	1.0
940.0	3.0
942.0	5.0
943.0	2.0
946.0	2.0
947.0	2.0
951.0	1.0
953.0	1.0
954.0	1.0
955.0	2.0
956.0	1.0
957.0	4.0
958.0	5.0
959.0	1.0
961.0	2.0
963.0	1.0
966.0	2.0
967.0	1.0
969.0	1.0
971.0	1.0
972.0	2.0
974.0	1.0
975.0	2.0
976.0	1.0
978.0	2.0
979.0	1.0
982.0	2.0
983.0	1.0
984.0	1.0
985.0	1.0
986.0	2.0
987.0	2.0
989.0	2.0
990.0	2.0
991.0	1.0
992.0	1.0
993.0	3.0
995.0	1.0
996.0	2.0
997.0	2.0
999.0	1.0
1000.0	1.0
1002.0	1.0
1003.0	2.0
1005.0	1.0
1006.0	1.0
1008.0	1.0
1010.0	1.0
1011.0	1.0
1012.0	1.0
1014.0	2.0
1015.0	3.0
1016.0	3.0
1017.0	1.0
1018.0	3.0
1019.0	1.0
1020.0	1.0
1021.0	1.0
1022.0	1.0
1023.0	1.0
1024.0	1.0
1028.0	1.0
1029.0	1.0
1030.0	3.0
1031.0	2.0
1032.0	7.0
1033.0	1.0
1035.0	3.0
1036.0	5.0
1037.0	3.0
1038.0	3.0
1039.0	2.0
1040.0	1.0
1041.0	6.0
1042.0	10.0
1044.0	3.0
1045.0	1.0
1046.0	1.0
1047.0	2.0
1050.0	2.0
1051.0	3.0
1053.0	2.0
1055.0	1.0
1056.0	11.0
1057.0	1.0
1058.0	1.0
1059.0	1.0
1060.0	2.0
1061.0	2.0
1062.0	4.0
1063.0	2.0
1064.0	1.0
1066.0	3.0
1069.0	2.0
1070.0	1.0
1071.0	1.0
1072.0	3.0
1074.0	1.0
1076.0	1.0
1078.0	4.0
1079.0	1.0
1080.0	1.0
1081.0	3.0
1083.0	2.0
1084.0	1.0
1085.0	1.0
1089.0	1.0
1092.0	1.0
1094.0	2.0
1096.0	1.0
1097.0	3.0
1102.0	1.0
1103.0	2.0
1105.0	2.0
1110.0	2.0
1112.0	1.0
1113.0	1.0
1115.0	1.0
1116.0	1.0
1119.0	1.0
1121.0	2.0
1123.0	3.0
1124.0	1.0
1125.0	2.0
1128.0	1.0
1130.0	1.0
1131.0	1.0
1136.0	1.0
1137.0	1.0
1138.0	1.0
1139.0	2.0
1141.0	2.0
1145.0	1.0
1149.0	1.0
1150.0	1.0
1151.0	2.0
1152.0	2.0
1153.0	2.0
1154.0	1.0
1155.0	3.0
1156.0	1.0
1160.0	1.0
1161.0	1.0
1162.0	1.0
1165.0	1.0
1168.0	2.0
1173.0	1.0
1175.0	1.0
1176.0	3.0
1179.0	1.0
1180.0	1.0
1181.0	1.0
1185.0	2.0
1186.0	2.0
1187.0	1.0
1188.0	1.0
1190.0	2.0
1193.0	3.0
1194.0	2.0
1197.0	1.0
1199.0	4.0
1200.0	1.0
1201.0	2.0
1203.0	1.0
1204.0	26.0
1205.0	1.0
1206.0	1.0
1209.0	1.0
1210.0	1.0
1211.0	2.0
1213.0	1.0
1216.0	1.0
1217.0	1.0
1219.0	1.0
1221.0	2.0
1222.0	1.0
1223.0	1.0
1224.0	2.0
1225.0	1.0
1226.0	1.0
1227.0	1.0
1228.0	1.0
1230.0	3.0
1232.0	1.0
1234.0	1.0
1235.0	3.0
1237.0	1.0
1238.0	1.0
1239.0	1.0
1243.0	4.0
1244.0	2.0
1245.0	1.0
1246.0	1.0
1247.0	4.0
1248.0	3.0
1249.0	3.0
1250.0	2.0
1252.0	3.0
1253.0	1.0
1254.0	2.0
1255.0	1.0
1256.0	4.0
1257.0	2.0
1258.0	2.0
1259.0	2.0
1260.0	2.0
1261.0	3.0
1262.0	1.0
1263.0	1.0
1264.0	2.0
1266.0	1.0
1267.0	1.0
1268.0	1.0
1269.0	2.0
1270.0	2.0
1271.0	2.0
1272.0	1.0
1273.0	3.0
1274.0	2.0
1275.0	3.0
1276.0	1.0
1277.0	2.0
1278.0	5.0
1279.0	2.0
1280.0	2.0
1281.0	2.0
1284.0	1.0
1286.0	1.0
1287.0	2.0
1290.0	1.0
1292.0	1.0
1293.0	1.0
1294.0	1.0
1297.0	3.0
1298.0	1.0
1300.0	1.0
1303.0	1.0
1304.0	1.0
1306.0	1.0
1307.0	1.0
1308.0	1.0
1310.0	1.0
1311.0	1.0
1315.0	1.0
1316.0	2.0
1317.0	1.0
1318.0	2.0
1323.0	3.0
1326.0	1.0
1327.0	1.0
1328.0	1.0
1329.0	3.0
1333.0	1.0
1336.0	2.0
1337.0	1.0
1338.0	1.0
1339.0	1.0
1342.0	2.0
1343.0	1.0
1346.0	3.0
1347.0	3.0
1348.0	1.0
1349.0	1.0
1350.0	2.0
1351.0	1.0
1352.0	1.0
1354.0	1.0
1355.0	3.0
1356.0	1.0
1357.0	2.0
1360.0	3.0
1361.0	1.0
1363.0	1.0
1364.0	1.0
1365.0	3.0
1366.0	1.0
1367.0	2.0
1368.0	6.0
1369.0	2.0
1370.0	3.0
1371.0	3.0
1372.0	3.0
1373.0	3.0
1374.0	3.0
1375.0	17.0
1376.0	3.0
1377.0	1.0
1378.0	2.0
1379.0	3.0
1381.0	1.0
1382.0	1.0
1383.0	1.0
1384.0	4.0
1385.0	1.0
1388.0	3.0
1389.0	1.0
1390.0	2.0
1392.0	1.0
1393.0	2.0
1394.0	5.0
1395.0	1.0
1396.0	2.0
1397.0	2.0
1399.0	1.0
1400.0	3.0
1401.0	1.0
1402.0	1.0
1403.0	1.0
1404.0	1.0
1405.0	1.0
1407.0	2.0
1408.0	1.0
1409.0	1.0
1410.0	2.0
1411.0	3.0
1412.0	1.0
1413.0	2.0
1416.0	2.0
1418.0	3.0
1419.0	2.0
1420.0	1.0
1422.0	1.0
1423.0	1.0
1426.0	1.0
1429.0	1.0
1430.0	1.0
1431.0	1.0
1432.0	1.0
1433.0	4.0
1434.0	1.0
1435.0	1.0
1438.0	1.0
1439.0	1.0
1440.0	3.0
1441.0	2.0
1442.0	3.0
1443.0	2.0
1444.0	1.0
1445.0	2.0
1446.0	2.0
1447.0	2.0
1448.0	2.0
1449.0	2.0
1450.0	2.0
1451.0	2.0
1452.0	3.0
1453.0	1.0
1454.0	2.0
1455.0	1.0
1456.0	3.0
1457.0	4.0
1458.0	2.0
1459.0	4.0
1460.0	3.0
1461.0	4.0
1462.0	8.0
1463.0	3.0
1465.0	1.0
1466.0	1.0
1467.0	1.0
1468.0	1.0
1469.0	3.0
1471.0	1.0
1472.0	1.0
1474.0	3.0
1476.0	2.0
1477.0	4.0
1479.0	2.0
1480.0	1.0
1481.0	1.0
1482.0	1.0
1483.0	3.0
1484.0	3.0
1485.0	2.0
1486.0	2.0
1487.0	3.0
1488.0	4.0
1489.0	2.0
1490.0	3.0
1493.0	1.0
1494.0	3.0
1495.0	2.0
1496.0	4.0
1497.0	2.0
1498.0	4.0
1499.0	2.0
1501.0	4.0
1502.0	1.0
1504.0	1.0
1505.0	3.0
1506.0	2.0
1507.0	3.0
1509.0	2.0
1510.0	1.0
1511.0	2.0
1512.0	4.0
1514.0	3.0
1515.0	2.0
1516.0	1.0
1517.0	1.0
1518.0	3.0
1519.0	1.0
1520.0	3.0
1521.0	3.0
1522.0	4.0
1523.0	2.0
1525.0	1.0
1526.0	3.0
1527.0	2.0
1528.0	2.0
1529.0	4.0
1530.0	2.0
1531.0	2.0
1532.0	6.0
1536.0	2.0
1539.0	2.0
1541.0	2.0
1542.0	1.0
1543.0	1.0
1544.0	4.0
1546.0	1.0
1548.0	2.0
1553.0	1.0
1555.0	3.0
1557.0	2.0
1559.0	1.0
1560.0	1.0
1561.0	1.0
1562.0	2.0
1563.0	4.0
1564.0	4.0
1565.0	3.0
1566.0	1.0
1567.0	1.0
1568.0	2.0
1571.0	2.0
1572.0	4.0
1574.0	1.0
1575.0	1.0
1576.0	1.0
1577.0	3.0
1578.0	2.0
1579.0	2.0
1580.0	2.0
1582.0	1.0
1583.0	1.0
1584.0	4.0
1585.0	2.0
1586.0	1.0
1589.0	1.0
1590.0	1.0
1591.0	4.0
1592.0	1.0
1593.0	6.0
1596.0	1.0
1598.0	2.0
1599.0	1.0
1601.0	2.0
1603.0	3.0
1604.0	1.0
1605.0	1.0
1606.0	3.0
1607.0	2.0
1608.0	1.0
1609.0	3.0
1611.0	3.0
1612.0	1.0
1613.0	5.0
1615.0	1.0
1616.0	3.0
1618.0	3.0
1619.0	1.0
1620.0	1.0
1623.0	1.0
1624.0	2.0
1625.0	1.0
1627.0	1.0
1628.0	1.0
1629.0	1.0
1630.0	2.0
1631.0	3.0
1634.0	2.0
1635.0	2.0
1636.0	1.0
1637.0	1.0
1638.0	2.0
1640.0	1.0
1641.0	1.0
1642.0	1.0
1643.0	1.0
1645.0	1.0
1647.0	2.0
1649.0	1.0
1650.0	1.0
1653.0	1.0
1654.0	2.0
1655.0	1.0
1656.0	3.0
1657.0	1.0
1658.0	1.0
1659.0	1.0
1660.0	1.0
1663.0	2.0
1665.0	2.0
1666.0	2.0
1667.0	1.0
1669.0	2.0
1670.0	1.0
1671.0	2.0
1673.0	4.0
1674.0	14.0
1675.0	1.0
1676.0	2.0
1677.0	1.0
1678.0	1.0
1680.0	1.0
1681.0	1.0
1682.0	2.0
1683.0	2.0
1686.0	1.0
1689.0	1.0
1690.0	3.0
1691.0	1.0
1693.0	4.0
1696.0	2.0
1697.0	2.0
1698.0	1.0
1699.0	2.0
1700.0	2.0
1701.0	1.0
1702.0	3.0
1703.0	1.0
1705.0	1.0
1706.0	3.0
1707.0	2.0
1708.0	2.0
1709.0	2.0
1710.0	3.0
1711.0	1.0
1712.0	3.0
1715.0	1.0
1716.0	1.0
1718.0	2.0
1719.0	1.0
1720.0	2.0
1721.0	3.0
1722.0	2.0
1723.0	2.0
1724.0	1.0
1726.0	1.0
1729.0	2.0
1730.0	1.0
1732.0	2.0
1737.0	3.0
1738.0	1.0
1743.0	2.0
1745.0	2.0
1746.0	2.0
1747.0	1.0
1748.0	1.0
1749.0	1.0
1750.0	1.0
1752.0	2.0
1753.0	1.0
1754.0	1.0
1759.0	2.0
1760.0	2.0
1764.0	2.0
1765.0	1.0
1769.0	1.0
1770.0	3.0
1771.0	1.0
1772.0	2.0
1773.0	2.0
1774.0	1.0
1775.0	2.0
1777.0	1.0
1780.0	3.0
1781.0	1.0
1785.0	1.0
1786.0	1.0
1787.0	1.0
1788.0	1.0
1791.0	1.0
1792.0	1.0
1794.0	2.0
1799.0	3.0
1800.0	1.0
1801.0	3.0
1804.0	2.0
1805.0	1.0
1806.0	1.0
1807.0	1.0
1808.0	2.0
1811.0	1.0
1814.0	1.0
1815.0	1.0
1822.0	3.0
1823.0	1.0
1824.0	2.0
1825.0	1.0
1826.0	2.0
1828.0	2.0
1832.0	1.0
1834.0	1.0
1835.0	3.0
1836.0	1.0
1838.0	1.0
1839.0	2.0
1840.0	1.0
1841.0	3.0
1844.0	2.0
1845.0	1.0
1846.0	2.0
1847.0	2.0
1848.0	1.0
1850.0	3.0
1851.0	2.0
1852.0	4.0
1853.0	3.0
1854.0	1.0
1855.0	2.0
1856.0	2.0
1858.0	2.0
1859.0	1.0
1860.0	1.0
1861.0	1.0
1864.0	1.0
1866.0	2.0
1868.0	1.0
1869.0	1.0
1870.0	2.0
1871.0	2.0
1874.0	2.0
1876.0	1.0
1880.0	1.0
1881.0	2.0
1884.0	2.0
1887.0	2.0
1888.0	1.0
1890.0	1.0
1893.0	1.0
1894.0	2.0
1895.0	1.0
1896.0	1.0
1898.0	1.0
1901.0	2.0
1903.0	1.0
1904.0	2.0
1906.0	2.0
1907.0	2.0
1908.0	2.0
1909.0	1.0
1911.0	1.0
1916.0	1.0
1917.0	2.0
1919.0	1.0
1922.0	2.0
1924.0	1.0
1925.0	2.0
1926.0	1.0
1928.0	1.0
1930.0	1.0
1932.0	3.0
1936.0	1.0
1937.0	1.0
1939.0	3.0
1942.0	2.0
1944.0	1.0
1948.0	1.0
1953.0	1.0
1955.0	2.0
1956.0	1.0
1957.0	2.0
1958.0	1.0
1960.0	1.0
1964.0	2.0
1965.0	2.0
1966.0	2.0
1968.0	1.0
1969.0	1.0
1970.0	1.0
1971.0	4.0
1975.0	1.0
1982.0	2.0
1984.0	3.0
1985.0	1.0
1986.0	4.0
1989.0	1.0
1990.0	1.0
1994.0	2.0
1995.0	1.0
1996.0	1.0
1998.0	1.0
2002.0	2.0
2006.0	1.0
2008.0	1.0
2011.0	1.0
2013.0	1.0
2019.0	1.0
2021.0	1.0
2023.0	1.0
2025.0	1.0
2027.0	1.0
2028.0	1.0
2030.0	1.0
2031.0	1.0
2032.0	1.0
2033.0	2.0
2044.0	1.0
2047.0	1.0
2049.0	1.0
2053.0	1.0
2054.0	1.0
2059.0	2.0
2061.0	2.0
2063.0	1.0
2065.0	1.0
2070.0	1.0
2071.0	1.0
2077.0	1.0
2078.0	1.0
2081.0	2.0
2082.0	1.0
2085.0	1.0
2086.0	1.0
2089.0	1.0
2091.0	1.0
2092.0	1.0
2096.0	1.0
2097.0	1.0
2099.0	1.0
2102.0	1.0
2103.0	1.0
2107.0	2.0
2114.0	1.0
2118.0	1.0
2120.0	1.0
2124.0	1.0
2135.0	2.0
2136.0	2.0
2137.0	1.0
2138.0	1.0
2140.0	1.0
2142.0	2.0
2144.0	1.0
2146.0	1.0
2150.0	1.0
2152.0	1.0
2154.0	2.0
2163.0	1.0
2166.0	1.0
2167.0	1.0
2168.0	1.0
2169.0	1.0
2170.0	1.0
2171.0	1.0
2176.0	1.0
2177.0	1.0
2178.0	1.0
2180.0	2.0
2183.0	2.0
2184.0	1.0
2186.0	1.0
2190.0	2.0
2192.0	1.0
2193.0	1.0
2195.0	2.0
2197.0	1.0
2199.0	2.0
2200.0	1.0
2206.0	1.0
2208.0	2.0
2209.0	1.0
2213.0	1.0
2216.0	2.0
2217.0	1.0
2220.0	1.0
2221.0	1.0
2222.0	1.0
2224.0	2.0
2225.0	2.0
2231.0	1.0
2233.0	1.0
2234.0	1.0
2235.0	1.0
2236.0	1.0
2239.0	2.0
2241.0	1.0
2242.0	1.0
2243.0	2.0
2244.0	7.0
2245.0	4.0
2246.0	3.0
2247.0	1.0
2248.0	1.0
2249.0	1.0
2251.0	1.0
2252.0	1.0
2256.0	1.0
2260.0	2.0
2261.0	1.0
2262.0	2.0
2263.0	1.0
2267.0	1.0
2268.0	1.0
2269.0	1.0
2271.0	2.0
2272.0	4.0
2277.0	2.0
2278.0	1.0
2279.0	1.0
2281.0	1.0
2282.0	2.0
2284.0	1.0
2287.0	2.0
2288.0	2.0
2289.0	2.0
2290.0	1.0
2292.0	1.0
2295.0	1.0
2296.0	2.0
2297.0	1.0
2300.0	3.0
2302.0	2.0
2304.0	1.0
2305.0	2.0
2306.0	2.0
2309.0	1.0
2310.0	1.0
2312.0	1.0
2318.0	1.0
2321.0	1.0
2326.0	1.0
2330.0	2.0
2331.0	1.0
2332.0	3.0
2333.0	2.0
2334.0	1.0
2335.0	1.0
2336.0	2.0
2341.0	2.0
2342.0	1.0
2343.0	1.0
2345.0	1.0
2346.0	2.0
2349.0	1.0
2350.0	1.0
2351.0	3.0
2352.0	1.0
2353.0	2.0
2359.0	1.0
2362.0	2.0
2363.0	2.0
2364.0	1.0
2365.0	1.0
2366.0	2.0
2367.0	1.0
2369.0	1.0
2370.0	2.0
2372.0	3.0
2373.0	2.0
2374.0	2.0
2375.0	1.0
2376.0	1.0
2377.0	3.0
2378.0	2.0
2379.0	1.0
2381.0	1.0
2383.0	3.0
2384.0	1.0
2385.0	5.0
2397.0	1.0
2403.0	1.0
2405.0	1.0
2406.0	2.0
2413.0	1.0
2414.0	1.0
2417.0	1.0
2418.0	1.0
2420.0	1.0
2421.0	1.0
2424.0	1.0
2434.0	1.0
2436.0	1.0
2439.0	1.0
2441.0	2.0
2442.0	1.0
2443.0	1.0
2446.0	1.0
2448.0	1.0
2449.0	1.0
2461.0	2.0
2463.0	1.0
2469.0	1.0
2471.0	1.0
2483.0	1.0
2492.0	1.0
2497.0	1.0
2499.0	1.0
2518.0	1.0
2519.0	1.0
2521.0	1.0
2525.0	1.0
2532.0	2.0
2551.0	2.0
2558.0	1.0
2570.0	1.0
2571.0	2.0
2575.0	1.0
2583.0	1.0
2595.0	1.0
2612.0	1.0
2621.0	1.0
2627.0	2.0
2629.0	1.0
2644.0	2.0
2652.0	1.0
2656.0	1.0
2661.0	1.0
2679.0	1.0
2683.0	2.0
2687.0	1.0
2688.0	1.0
2690.0	1.0
2708.0	1.0
2711.0	1.0
2712.0	1.0
2713.0	1.0
2714.0	2.0
2715.0	1.0
2720.0	2.0
2721.0	1.0
2722.0	1.0
2724.0	2.0
2726.0	1.0
2728.0	2.0
2729.0	1.0
2730.0	1.0
2732.0	1.0
2734.0	1.0
2735.0	1.0
2738.0	2.0
2739.0	1.0
2743.0	2.0
2744.0	1.0
2745.0	1.0
2747.0	3.0
2748.0	1.0
2749.0	1.0
2752.0	1.0
2754.0	3.0
2757.0	1.0
2758.0	1.0
2763.0	3.0
2764.0	1.0
2767.0	1.0
2768.0	2.0
2769.0	1.0
2771.0	1.0
2772.0	1.0
2774.0	1.0
2775.0	1.0
2779.0	1.0
2782.0	1.0
2786.0	1.0
2787.0	1.0
2788.0	1.0
2790.0	1.0
2791.0	1.0
2792.0	1.0
2798.0	1.0
2801.0	1.0
2802.0	1.0
2806.0	1.0
2807.0	1.0
2816.0	1.0
2818.0	2.0
2819.0	1.0
2824.0	1.0
2829.0	1.0
2833.0	1.0
2836.0	1.0
2839.0	1.0
2846.0	1.0
2853.0	1.0
2854.0	1.0
2855.0	1.0
2856.0	1.0
2859.0	1.0
2860.0	1.0
2865.0	1.0
2868.0	1.0
2873.0	1.0
2884.0	1.0
2888.0	3.0
2889.0	1.0
2891.0	1.0
2897.0	1.0
2900.0	1.0
2904.0	3.0
2905.0	1.0
2911.0	1.0
2913.0	1.0
2915.0	1.0
2916.0	1.0
2918.0	1.0
2931.0	1.0
2932.0	1.0
2933.0	2.0
2935.0	1.0
2937.0	1.0
2940.0	1.0
2944.0	2.0
2946.0	2.0
2948.0	1.0
2950.0	1.0
2951.0	1.0
2953.0	1.0
2954.0	2.0
2956.0	2.0
2957.0	1.0
2958.0	1.0
2959.0	1.0
2960.0	1.0
2962.0	1.0
2964.0	2.0
2965.0	1.0
2966.0	1.0
2967.0	1.0
2968.0	2.0
2969.0	2.0
2971.0	2.0
2972.0	2.0
2973.0	1.0
2974.0	1.0
2977.0	1.0
2978.0	1.0
2981.0	2.0
2982.0	2.0
2983.0	2.0
2986.0	2.0
2988.0	1.0
2989.0	1.0
2991.0	2.0
2993.0	2.0
2995.0	2.0
2996.0	1.0
2997.0	1.0
3001.0	1.0
3002.0	2.0
3006.0	1.0
3007.0	1.0
3011.0	2.0
3013.0	1.0
3015.0	2.0
3017.0	1.0
3019.0	1.0
3021.0	1.0
3022.0	1.0
3023.0	1.0
3024.0	1.0
3025.0	1.0
3027.0	3.0
3028.0	3.0
3030.0	1.0
3036.0	1.0
3037.0	1.0
3041.0	1.0
3042.0	1.0
3045.0	1.0
3054.0	1.0
3056.0	1.0
3066.0	2.0
3068.0	1.0
3071.0	1.0
3072.0	1.0
3079.0	1.0
3081.0	1.0
3083.0	1.0
3084.0	1.0
3085.0	1.0
3086.0	1.0
3088.0	1.0
3089.0	1.0
3090.0	1.0
3092.0	1.0
3094.0	3.0
3095.0	2.0
3096.0	1.0
3097.0	4.0
3098.0	1.0
3100.0	1.0
3110.0	1.0
3113.0	1.0
3117.0	1.0
3119.0	1.0
3127.0	1.0
3128.0	1.0
3129.0	1.0
3137.0	1.0
3145.0	1.0
3148.0	1.0
3151.0	2.0
3166.0	1.0
3167.0	1.0
3168.0	1.0
3169.0	1.0
3170.0	1.0
3176.0	1.0
3184.0	1.0
3187.0	1.0
3188.0	1.0
3189.0	1.0
3190.0	1.0
3201.0	2.0
3203.0	2.0
3212.0	1.0
3213.0	1.0
3215.0	1.0
3217.0	1.0
3219.0	1.0
3224.0	1.0
3225.0	1.0
3228.0	1.0
3230.0	2.0
3231.0	1.0
3232.0	1.0
3234.0	1.0
3235.0	2.0
3238.0	1.0
3240.0	1.0
3242.0	1.0
3243.0	3.0
3245.0	1.0
3246.0	2.0
3247.0	2.0
3249.0	1.0
3250.0	1.0
3251.0	3.0
3254.0	1.0
3255.0	3.0
3256.0	10.0
3257.0	3.0
3258.0	1.0
3259.0	2.0
3260.0	1.0
3263.0	1.0
3268.0	1.0
3271.0	1.0
3274.0	1.0
3280.0	1.0
3281.0	1.0
3283.0	4.0
3286.0	1.0
3289.0	1.0
3292.0	1.0
3300.0	3.0
3304.0	1.0
3307.0	1.0
3308.0	1.0
3310.0	1.0
3312.0	1.0
3314.0	1.0
3319.0	1.0
3320.0	3.0
3325.0	1.0
3327.0	1.0
3329.0	1.0
3332.0	1.0
3334.0	1.0
3338.0	1.0
3339.0	1.0
3340.0	1.0
3344.0	1.0
3345.0	1.0
3348.0	1.0
3349.0	1.0
3353.0	1.0
3356.0	1.0
3357.0	1.0
3361.0	1.0
3363.0	1.0
3366.0	2.0
3369.0	1.0
3370.0	1.0
3371.0	2.0
3378.0	1.0
3379.0	8.0
3381.0	2.0
3400.0	1.0
3411.0	1.0
3414.0	1.0
3419.0	1.0
3426.0	1.0
3429.0	1.0
3447.0	1.0
3452.0	1.0
3468.0	1.0
3470.0	1.0
3471.0	1.0
3472.0	1.0
3482.0	1.0
3501.0	1.0
3512.0	1.0
3523.0	1.0
3538.0	1.0
3547.0	1.0
3559.0	1.0
3570.0	1.0
3575.0	1.0
3580.0	2.0
3583.0	1.0
3587.0	1.0
3596.0	1.0
3601.0	1.0
3604.0	1.0
3629.0	1.0
3633.0	1.0
3634.0	1.0
3636.0	1.0
3696.0	2.0
3702.0	1.0
3705.0	1.0
3756.0	1.0
3783.0	1.0
3784.0	1.0
3786.0	1.0
3788.0	1.0
3793.0	2.0
3794.0	1.0
3800.0	1.0
3801.0	1.0
3802.0	1.0
3803.0	1.0
3811.0	1.0
3817.0	1.0
3819.0	1.0
3821.0	1.0
3827.0	1.0
3828.0	1.0
3833.0	1.0
3839.0	2.0
3842.0	1.0
3850.0	1.0
3855.0	1.0
3858.0	1.0
3861.0	1.0
3863.0	1.0
3872.0	1.0
3875.0	1.0
3876.0	1.0
3879.0	1.0
3881.0	1.0
3882.0	1.0
3883.0	1.0
3891.0	1.0
3892.0	1.0
3896.0	1.0
3905.0	1.0
3915.0	1.0
3916.0	1.0
3920.0	1.0
3922.0	1.0
3926.0	1.0
3929.0	1.0
3930.0	2.0
3932.0	1.0
3934.0	1.0
3935.0	1.0
3938.0	1.0
3941.0	1.0
3942.0	1.0
3943.0	1.0
3946.0	1.0
3947.0	1.0
3948.0	1.0
3949.0	2.0
3950.0	2.0
3951.0	1.0
3952.0	1.0
3954.0	1.0
3955.0	1.0
3956.0	2.0
3957.0	1.0
3958.0	1.0
3959.0	1.0
3960.0	1.0
3980.0	1.0
3994.0	1.0
4001.0	1.0
4008.0	1.0
4033.0	1.0
4034.0	1.0
4053.0	1.0
4057.0	1.0
4058.0	1.0
4068.0	1.0
4070.0	1.0
4073.0	1.0
4089.0	1.0
4098.0	1.0
4102.0	1.0
4105.0	1.0
4109.0	1.0
4111.0	1.0
4114.0	1.0
4117.0	1.0
4122.0	2.0
4127.0	1.0
4129.0	1.0
4133.0	1.0
4138.0	1.0
4140.0	2.0
4141.0	1.0
4142.0	1.0
4144.0	5.0
4145.0	2.0
4146.0	6.0
4147.0	2.0
4148.0	2.0
4149.0	2.0
4150.0	4.0
4151.0	3.0
4153.0	1.0
4154.0	2.0
4156.0	1.0
4158.0	1.0
4163.0	2.0
4166.0	1.0
4170.0	1.0
4178.0	1.0
4182.0	1.0
4185.0	2.0
4193.0	1.0
4195.0	1.0
4204.0	1.0
4205.0	1.0
4206.0	1.0
4213.0	1.0
4215.0	1.0
4218.0	1.0
4229.0	1.0
4234.0	1.0
4235.0	1.0
4242.0	1.0
4247.0	1.0
4255.0	1.0
4258.0	1.0
4259.0	1.0
4265.0	1.0
4268.0	1.0
4275.0	1.0
4280.0	2.0
4284.0	1.0
4292.0	1.0
4293.0	1.0
4297.0	1.0
4301.0	1.0
4311.0	1.0
4312.0	1.0
4318.0	2.0
4322.0	1.0
4324.0	1.0
4331.0	1.0
4332.0	2.0
4333.0	1.0
4340.0	1.0
4341.0	1.0
4344.0	1.0
4348.0	1.0
4349.0	1.0
4354.0	2.0
4355.0	1.0
4358.0	3.0
4360.0	2.0
4365.0	1.0
4366.0	1.0
4367.0	2.0
4368.0	1.0
4372.0	2.0
4374.0	1.0
4375.0	2.0
4376.0	1.0
4377.0	1.0
4378.0	1.0
4380.0	2.0
4381.0	2.0
4383.0	1.0
4385.0	2.0
4387.0	1.0
4388.0	1.0
4389.0	1.0
4390.0	6.0
4391.0	1.0
4392.0	1.0
4399.0	1.0
4414.0	1.0
4452.0	1.0
4462.0	1.0
4472.0	1.0
4484.0	1.0
4507.0	1.0
4508.0	1.0
4522.0	1.0
4526.0	1.0
4530.0	1.0
4559.0	1.0
4568.0	1.0
4575.0	1.0
4576.0	1.0
4582.0	1.0
4602.0	1.0
4629.0	1.0
4632.0	1.0
4652.0	1.0
4655.0	1.0
4675.0	1.0
4677.0	1.0
4695.0	1.0
4709.0	1.0
4731.0	1.0
4737.0	1.0
4746.0	1.0
4757.0	1.0
4775.0	1.0
4788.0	1.0
4789.0	1.0
4790.0	1.0
4799.0	1.0
4807.0	1.0
4811.0	1.0
4813.0	1.0
4824.0	1.0
4826.0	1.0
4830.0	1.0
4831.0	1.0
4838.0	1.0
4845.0	1.0
4852.0	1.0
4857.0	1.0
4865.0	1.0
4869.0	1.0
4870.0	1.0
4871.0	1.0
4874.0	1.0
4877.0	1.0
4878.0	1.0
4879.0	4.0
4886.0	1.0
4909.0	1.0
4924.0	1.0
4947.0	1.0
4968.0	1.0
4982.0	2.0
4986.0	1.0
4990.0	1.0
5022.0	1.0
5030.0	1.0
5041.0	1.0
5054.0	1.0
5062.0	1.0
5075.0	1.0
5083.0	1.0
5127.0	2.0
5147.0	1.0
5166.0	1.0
5169.0	1.0
5194.0	1.0
5197.0	1.0
5213.0	1.0
5219.0	1.0
5241.0	1.0
5243.0	1.0
5245.0	1.0
5256.0	1.0
5276.0	2.0
5284.0	1.0
5295.0	1.0
5297.0	1.0
5317.0	1.0
5321.0	1.0
5322.0	1.0
5331.0	1.0
5333.0	1.0
5339.0	1.0
5340.0	1.0
5365.0	1.0
5366.0	1.0
5371.0	1.0
5377.0	1.0
5381.0	1.0
5389.0	1.0
5393.0	1.0
5400.0	1.0
5401.0	1.0
5419.0	1.0
5423.0	1.0
5426.0	1.0
5438.0	1.0
5439.0	1.0
5442.0	1.0
5443.0	1.0
5447.0	1.0
5454.0	1.0
5473.0	1.0
5477.0	1.0
5479.0	1.0
5488.0	1.0
5502.0	1.0
5503.0	1.0
5508.0	1.0
5514.0	1.0
5516.0	1.0
5518.0	1.0
5519.0	2.0
5521.0	1.0
5522.0	1.0
5523.0	1.0
5524.0	1.0
5525.0	1.0
5526.0	1.0
5527.0	1.0
5528.0	2.0
5529.0	1.0
5531.0	1.0
5534.0	1.0
5535.0	1.0
5536.0	1.0
5539.0	1.0
5540.0	1.0
5542.0	2.0
5543.0	1.0
5546.0	1.0
5547.0	1.0
5548.0	2.0
5549.0	1.0
5553.0	2.0
5554.0	1.0
5560.0	1.0
5565.0	1.0
5567.0	1.0
5568.0	1.0
5571.0	1.0
5572.0	2.0
5573.0	2.0
5576.0	1.0
5577.0	2.0
5582.0	1.0
5591.0	1.0
5599.0	1.0
5603.0	1.0
5607.0	1.0
5611.0	1.0
5619.0	1.0
5621.0	1.0
5622.0	1.0
5627.0	1.0
5632.0	2.0
5637.0	1.0
5644.0	1.0
5647.0	1.0
5653.0	2.0
5659.0	1.0
5664.0	1.0
5666.0	2.0
5672.0	1.0
5674.0	1.0
5675.0	2.0
5677.0	1.0
5678.0	1.0
5683.0	1.0
5687.0	1.0
5691.0	1.0
5694.0	1.0
5701.0	1.0
5702.0	1.0
5709.0	2.0
5712.0	1.0
5716.0	1.0
5721.0	1.0
5723.0	1.0
5727.0	1.0
5730.0	1.0
5731.0	2.0
5732.0	1.0
5743.0	1.0
5751.0	1.0
5790.0	1.0
5810.0	1.0
5814.0	1.0
5818.0	1.0
5825.0	2.0
5826.0	5.0
5875.0	1.0
5950.0	1.0
6035.0	1.0
6137.0	1.0
6259.0	1.0
6263.0	1.0
6368.0	1.0
6461.0	1.0
6597.0	1.0
6643.0	1.0
6772.0	1.0
6790.0	1.0
6796.0	1.0
6964.0	1.0
6969.0	1.0
7008.0	1.0
7132.0	1.0
7221.0	1.0
7228.0	1.0
7286.0	1.0
7310.0	1.0
7320.0	1.0
7332.0	2.0
7350.0	1.0
7353.0	1.0
7368.0	1.0
7369.0	1.0
7371.0	1.0
7372.0	1.0
7373.0	1.0
7378.0	2.0
7385.0	2.0
7390.0	1.0
7392.0	1.0
7393.0	3.0
7394.0	4.0
7628.0	1.0
7654.0	1.0
7744.0	1.0
7820.0	1.0
7999.0	1.0
8030.0	1.0
8233.0	1.0
8427.0	1.0
8543.0	1.0
8584.0	1.0
8621.0	1.0
8780.0	1.0
8795.0	1.0
8796.0	1.0
8813.0	1.0
8821.0	2.0
8840.0	2.0
8841.0	1.0
8854.0	2.0
8881.0	2.0
8917.0	1.0
8988.0	1.0
9035.0	1.0
9066.0	1.0
9102.0	1.0
9113.0	1.0
9147.0	1.0
9149.0	1.0
9171.0	1.0
9187.0	1.0
9234.0	1.0
9263.0	1.0
9274.0	1.0
9333.0	1.0
9398.0	1.0
9409.0	1.0
9436.0	1.0
9476.0	1.0
9501.0	1.0
9552.0	1.0
9567.0	1.0
9623.0	1.0
9690.0	1.0
9707.0	1.0
9784.0	1.0
9818.0	1.0
9835.0	1.0
9843.0	1.0
9924.0	1.0
9988.0	1.0
9996.0	1.0
10050.0	1.0
10063.0	1.0
10079.0	1.0
10097.0	1.0
10112.0	1.0
10151.0	1.0
10170.0	1.0
10229.0	1.0
10245.0	1.0
10257.0	1.0
10273.0	1.0
10277.0	1.0
10290.0	1.0
10302.0	1.0
10310.0	1.0
10326.0	1.0
10344.0	1.0
10361.0	1.0
10366.0	1.0
10378.0	1.0
10386.0	1.0
10404.0	1.0
10426.0	1.0
10431.0	1.0
10446.0	1.0
10458.0	1.0
10470.0	1.0
10478.0	1.0
10493.0	1.0
10510.0	1.0
10514.0	1.0
10535.0	1.0
10536.0	1.0
10541.0	1.0
10567.0	1.0
10570.0	1.0
10573.0	1.0
10578.0	1.0
10585.0	1.0
10604.0	1.0
10615.0	1.0
10621.0	1.0
10640.0	1.0
10662.0	1.0
10735.0	1.0
10744.0	1.0
10750.0	1.0
10874.0	1.0
10888.0	1.0
10976.0	1.0
10991.0	1.0
11002.0	1.0
11012.0	1.0
11017.0	1.0
11020.0	1.0
11026.0	1.0
11029.0	1.0
11031.0	1.0
11034.0	1.0
11038.0	1.0
11043.0	1.0
11056.0	1.0
11062.0	1.0
11067.0	1.0
11173.0	1.0
11175.0	1.0
11243.0	1.0
11287.0	1.0
11326.0	1.0
11396.0	1.0
11407.0	1.0
11489.0	1.0
11507.0	1.0
11531.0	1.0
11546.0	1.0
11615.0	1.0
11672.0	1.0
11682.0	1.0
11686.0	1.0
11730.0	1.0
11745.0	1.0
11855.0	1.0
11861.0	1.0
11932.0	1.0
11935.0	1.0
11973.0	1.0
11983.0	1.0
12046.0	1.0
12088.0	1.0
12132.0	1.0
12138.0	1.0
12144.0	2.0
12186.0	1.0
12207.0	1.0
12262.0	1.0
12280.0	1.0
12289.0	1.0
12317.0	1.0
12356.0	1.0
12379.0	1.0
12380.0	1.0
12423.0	2.0
12472.0	1.0
12475.0	1.0
12476.0	1.0
12508.0	1.0
12512.0	1.0
12524.0	1.0
12535.0	1.0
12544.0	1.0
12545.0	1.0
12574.0	1.0
12593.0	1.0
12738.0	1.0
12834.0	1.0
12844.0	1.0
12855.0	1.0
12956.0	1.0
13154.0	1.0
13166.0	1.0
13186.0	1.0
13386.0	1.0
13432.0	1.0
13450.0	1.0
13509.0	1.0
13522.0	1.0
13536.0	1.0
13610.0	1.0
13804.0	1.0
13810.0	1.0
13884.0	1.0
13946.0	1.0
13962.0	1.0
14038.0	1.0
14056.0	1.0
14139.0	1.0
14234.0	1.0
14248.0	1.0
14267.0	1.0
14313.0	1.0
14348.0	2.0
14351.0	1.0
14357.0	1.0
14365.0	1.0
14373.0	1.0
14378.0	1.0
14382.0	1.0
14390.0	1.0
14395.0	1.0
14405.0	1.0
14415.0	1.0
14416.0	1.0
14430.0	1.0
14432.0	1.0
14452.0	1.0
14455.0	1.0
14456.0	1.0
14460.0	1.0
14470.0	1.0
14485.0	1.0
14491.0	1.0
14517.0	1.0
14519.0	1.0
14533.0	1.0
14535.0	1.0
14541.0	1.0
14558.0	1.0
14564.0	1.0
14566.0	1.0
14584.0	1.0
14590.0	1.0
14599.0	1.0
14601.0	1.0
14607.0	1.0
14614.0	1.0
14622.0	2.0
14633.0	1.0
14643.0	1.0
14646.0	2.0
14653.0	1.0
14654.0	1.0
14655.0	1.0
14659.0	1.0
14660.0	2.0
14661.0	1.0
14663.0	1.0
14667.0	1.0
14669.0	1.0
14674.0	2.0
14676.0	3.0
14677.0	1.0
14678.0	3.0
14682.0	1.0
14683.0	1.0
14685.0	2.0
14687.0	1.0
14688.0	1.0
14692.0	1.0
14695.0	2.0
14703.0	1.0
14715.0	1.0
14778.0	1.0
14815.0	1.0
14828.0	1.0
14842.0	1.0
14946.0	1.0
14999.0	1.0
15037.0	1.0
15120.0	1.0
15134.0	1.0
15142.0	1.0
15162.0	1.0
15242.0	1.0
15273.0	1.0
15275.0	1.0
15331.0	1.0
15405.0	1.0
15411.0	1.0
15497.0	1.0
15562.0	1.0
15577.0	1.0
15579.0	1.0
15619.0	1.0
15686.0	1.0
15707.0	1.0
15736.0	1.0
15809.0	1.0
15849.0	1.0
15896.0	1.0
15897.0	1.0
15913.0	1.0
15967.0	1.0
15996.0	1.0
16040.0	1.0
16061.0	1.0
16062.0	1.0
16117.0	1.0
16160.0	1.0
16164.0	1.0
16227.0	1.0
16247.0	1.0
16259.0	1.0
16263.0	1.0
16278.0	1.0
16296.0	1.0
16326.0	1.0
16352.0	1.0
16382.0	1.0
16420.0	1.0
16421.0	1.0
16439.0	1.0
16467.0	1.0
16469.0	1.0
16486.0	1.0
16506.0	2.0
16507.0	1.0
16508.0	1.0
16509.0	1.0
16511.0	1.0
16512.0	1.0
16513.0	1.0
16514.0	1.0
16522.0	1.0
16606.0	1.0
16827.0	1.0
16888.0	1.0
16986.0	1.0
17273.0	1.0
17347.0	1.0
17526.0	1.0
17623.0	1.0
17834.0	1.0
18036.0	1.0
18100.0	1.0
18202.0	1.0
18239.0	1.0
18547.0	1.0
18573.0	1.0
18632.0	1.0
18642.0	1.0
18806.0	1.0
19029.0	1.0
19067.0	1.0
19124.0	1.0
19329.0	1.0
19497.0	1.0
19542.0	1.0
19559.0	1.0
19816.0	1.0
19895.0	1.0
19934.0	1.0
20330.0	1.0
20391.0	1.0
20412.0	1.0
20730.0	1.0
20865.0	1.0
20965.0	1.0
21142.0	1.0
21427.0	1.0
21536.0	1.0
21941.0	1.0
21955.0	1.0
22415.0	1.0
22619.0	1.0
22640.0	1.0
22872.0	1.0
23279.0	1.0
23290.0	1.0
23712.0	1.0
24039.0	1.0
24145.0	1.0
24387.0	1.0
24608.0	1.0
24744.0	1.0
24986.0	1.0
25081.0	1.0
25480.0	1.0
25559.0	1.0
25566.0	1.0
25987.0	1.0
26186.0	1.0
26485.0	1.0
26586.0	1.0
26795.0	1.0
26860.0	1.0
26982.0	1.0
27131.0	1.0
27247.0	1.0
27384.0	1.0
27538.0	1.0
27642.0	1.0
27807.0	1.0
28007.0	1.0
28085.0	1.0
28091.0	1.0
28194.0	1.0
28384.0	1.0
28513.0	1.0
28578.0	1.0
28788.0	1.0
28983.0	1.0
29006.0	1.0
29185.0	1.0
29363.0	1.0
29416.0	1.0
29435.0	1.0
29500.0	1.0
29609.0	1.0
29769.0	1.0
29835.0	1.0
29942.0	1.0
30134.0	1.0
30151.0	1.0
30348.0	1.0
30549.0	1.0
30566.0	2.0
30675.0	1.0
30747.0	1.0
30759.0	2.0
30760.0	1.0
30767.0	1.0
30775.0	1.0
30785.0	1.0
31573.0	1.0
31774.0	1.0
32992.0	1.0
33781.0	1.0
34282.0	1.0
35638.0	1.0
35801.0	1.0
37073.0	1.0
37890.0	1.0
38577.0	1.0
40072.0	1.0
40252.0	1.0
41983.0	1.0
42263.0	1.0
43931.0	1.0
44393.0	1.0
45760.0	1.0
46508.0	1.0
47484.0	1.0
48620.0	1.0
48999.0	1.0
50543.0	1.0
50756.0	1.0
51938.0	1.0
52801.0	1.0
53420.0	1.0
54869.0	1.0
54969.0	1.0
56475.0	1.0
56758.0	1.0
57896.0	1.0
58630.0	1.0
59104.0	1.0
60256.0	1.0
60354.0	1.0
61404.0	1.0
61484.0	1.0
62567.0	1.0
62647.0	1.0
63661.0	1.0
63669.0	1.0
64618.0	1.0
64663.0	1.0
65555.0	1.0
65610.0	1.0
66301.0	1.0
66524.0	1.0
66989.0	1.0
67361.0	1.0
67581.0	1.0
68174.0	1.0
68263.0	1.0
68710.0	1.0
68883.0	1.0
69025.0	1.0
69320.0	1.0
69485.0	1.0
69554.0	1.0
69591.0	1.0
69738.0	1.0
69746.0	1.0
69850.0	1.0
70054.0	1.0
70180.0	1.0
70369.0	1.0
70463.0	1.0
70734.0	1.0
70736.0	1.0
70791.0	1.0
70943.0	1.0
70951.0	1.0
71154.0	1.0
