# Position (bp)	A	C	G	T	N
0.0	4.481272569665548	35.33747170446936	45.49756997366616	14.638905892454387	0.044779859744549386
1.0	3.2251173834278832	34.870785801432014	56.89080773765266	4.980836616235268	0.032452461252172056
2.0	3.691080056940073	34.50488200974397	57.956573169998194	3.8282174148405077	0.019247348477254043
3.0	4.029552653341447	33.89934310100017	57.65966078422194	4.400131067733932	0.01131239370250745
4.0	4.1749631163551	34.327010964587906	56.52925849651265	4.968767422544346	0.0
5.0	4.931056591815227	34.64820806096204	55.89316903847713	4.527566308745605	0.0
6.0	3.8849318807940834	35.294117647058826	54.98672815893164	5.833503945633941	7.183675815077817E-4
7.0	4.317165522811262	36.25957534586621	54.41103974882962	5.012219382492894	0.0
8.0	4.780537308146801	35.599644473504085	53.93139428365157	5.688423934697547	0.0
9.0	5.625932312067482	34.983504928587806	54.391542829045946	4.999019930298772	0.0
10.0	4.965629053177691	36.35051880674449	53.8991569390402	4.784695201037613	0.0
11.0	5.213631659075587	36.099778123130584	52.97539730519306	5.710876397808452	3.16514792318819E-4
12.0	5.727341069611031	35.56408725432265	52.6969208542286	6.011650821837711	0.0
13.0	5.83547557840617	35.55935278995917	52.4418569484349	6.163314683199758	0.0
14.0	6.108428601860399	35.49551468673815	51.98791687377216	6.408139837629292	0.0
15.0	6.166777581667198	35.760539336246055	51.78148780417233	6.291195277914412	0.0
16.0	6.458413022227889	35.77967614433253	51.19016249451032	6.571748338929265	0.0
17.0	6.774115601574239	35.13096901237894	51.20137093212831	6.8935444539185164	0.0
18.0	6.673985948069426	35.661064601285325	50.66323041842497	7.001719032220276	0.0
19.0	6.852304848880192	35.52130898021309	50.700967601652536	6.925418569254186	0.0
20.0	6.933004329051386	35.52159226477598	50.40831134385386	7.136548553042429	5.43509276344574E-4
21.0	6.859063432196592	35.60600086472493	50.61632045944631	6.918343317552557	2.719260796145176E-4
22.0	6.937140744043896	35.65559283690528	50.515533996421716	6.891732422629114	0.0
23.0	6.93348273292466	35.50642653945944	50.36416150385919	7.195929223756711	0.0
24.0	7.114076819205617	35.61195351832179	50.433490282807924	6.840207684094127	2.7169557054711337E-4
25.0	7.6245601841796615	35.60200469136875	49.67285304721776	7.10058207723383	0.0
26.0	7.949828281319994	35.679205071470264	49.00566060787055	7.36503454735499	2.714919841991665E-4
27.0	7.665988709156228	35.65522466280891	49.54285388431637	7.1359327437184845	0.0
28.0	8.064932138367682	35.43085824127193	49.15631117253063	7.347898447829758	0.0
29.0	7.962196737690319	35.56476835863687	48.71418952672618	7.758845376946634	0.0
30.0	8.1891631049221	35.29573969391976	49.14076933682614	7.373500620432924	8.272438990762444E-4
31.0	8.352091619418351	34.903387774674904	48.74107923612874	7.996107303037996	0.007334066740007334
32.0	8.613595706618963	34.68203589358878	48.01056033239079	8.678804316463731	0.015003750937734435
33.0	8.5035357675771	34.567067524608824	48.760564543240164	8.14907433074024	0.01975783383366853
34.0	8.608173763932554	34.31596997638423	48.90179148929769	8.144883500549028	0.02918126983649464
35.0	8.95081066566253	33.80690323556373	48.872352180448345	8.369625269681752	3.086486436435355E-4
36.0	8.822701762706506	34.25373488261798	48.92419571575369	7.998735277843649	6.323610781756383E-4
37.0	9.151602499886897	33.94171670102826	48.72420456675305	8.18182993272021	6.462996115739334E-4
38.0	9.458308857016508	33.61494848422845	48.35024124297887	8.576171398021213	3.300177549552166E-4
39.0	9.355534541881337	33.52425116351069	48.884274854371874	8.2359394402361	0.0
40.0	9.439043660471986	33.32417299302669	48.782934286008725	8.453505547731098	3.4351276149908967E-4
41.0	9.585158644627636	32.96722137468684	48.67457907038587	8.773040910299654	0.0
42.0	9.225542946063262	33.159680802196355	48.91125916482984	8.703517086910539	0.0
43.0	9.659649313677491	32.9119295000816	48.50604725380333	8.922373932437578	0.0
44.0	9.666707343680086	32.823761292493614	48.00996956619814	9.499192006597072	3.69791031088332E-4
45.0	9.503657714709547	32.89797178495725	48.38989017443327	9.208480325899933	0.0
46.0	9.752208047105004	32.63194614818449	48.229345559371936	9.386116903827281	3.833415112855741E-4
47.0	10.239074479844081	32.700592511004615	46.94936901679107	10.11096399236024	0.0
48.0	10.291724548521533	32.76642190910895	46.999801547926175	9.942051994443341	0.0
49.0	10.512138062661315	32.628417038787845	46.6001747526686	10.259270145882239	0.0
50.0	10.72234531849625	32.558168109009145	46.49189271101682	10.227593861477784	0.0
51.0	10.385844208182208	33.094024338057196	46.789478713547965	9.730652740212637	0.0
52.0	10.518270858422953	32.918284333128405	46.583741083534754	9.979703724913888	0.0
53.0	10.698470123465217	32.865041510593095	45.9850340019966	10.451454363945086	0.0
54.0	10.514140929353724	33.15908491475664	46.237228628626035	10.089545527263608	0.0
55.0	10.760012448441971	32.82268421721655	45.961050403040225	10.456252931301256	0.0
56.0	11.03067310170742	32.58983725746385	45.55013376707641	10.829355873752322	0.0
57.0	10.767616070342658	32.793841413700065	45.81281897666206	10.625723539295223	0.0
58.0	11.18213196486294	32.49493215479299	45.50559745785927	10.817338422484797	0.0
59.0	11.431192745571398	32.28535815729358	45.10988680014642	11.173562296988598	0.0
60.0	11.029232185462812	32.47759679873753	45.65885137800823	10.83431963779143	0.0
61.0	11.492731333120645	32.0597492512297	45.132873992314686	11.314645423334968	0.0
62.0	11.683794008087776	31.561656013411987	44.59003087269723	12.164519105803004	0.0
63.0	11.566322929736513	31.768546110414054	44.986080614805516	11.679050345043915	0.0
64.0	12.080613706917138	31.334076255671416	44.59076255671416	11.994547480697285	0.0
65.0	12.537228905305847	31.02956569226802	43.82872428108392	12.604481121342213	0.0
66.0	12.697335964479525	31.312695280381515	43.43189853642493	12.558070218714027	0.0
67.0	13.27924202371293	31.056089198314446	42.3555892899207	13.309079488051928	0.0
68.0	13.748384961185678	30.986855452691376	41.086053539204066	14.178172149790177	5.338971287012418E-4
69.0	14.001141707668468	31.05662326365292	40.413733112240735	14.528501916437872	0.0
70.0	14.495475688037917	31.14538564373391	39.5222680116229	14.836870656605274	0.0
71.0	15.52761592857824	31.019341524554033	38.20245512306459	15.250587423803141	0.0
72.0	15.955261485382241	31.18076992918104	37.91935264209189	14.944615943344832	0.0
73.0	16.854113110539846	31.14327029012119	36.74198953360264	15.26062706573632	0.0
74.0	17.62020078255492	30.799951451541123	36.14432763274247	15.435520133161488	0.0
75.0	16.382365394319386	30.949881388078488	37.48658728271398	15.181165934888144	0.0
76.0	16.280409731113956	30.10650680945175	37.79885927133046	15.814224188103829	0.0
77.0	16.068308134675963	30.231960118522327	37.74655624842935	15.953175498372364	0.0
78.0	15.871417279035043	30.832333050326433	38.23110928945751	15.065140381181017	0.0
79.0	16.165336367315103	30.7466292892624	38.17245605906881	14.915578284353687	0.0
80.0	15.812081167040267	30.581407630828455	38.711021394955814	14.895489807175466	0.0
81.0	15.1075338206479	31.155475249034954	39.49946614415281	14.237524786164336	0.0
82.0	14.57583607825669	30.9967295361568	40.15930323881419	14.268131146772323	0.0
83.0	13.913099392642735	31.026077196920543	40.93903629529605	14.121787115140675	0.0
84.0	13.168101189158971	31.601812273611387	41.71490466928336	13.515181867946286	0.0
85.0	12.95099919461843	31.195499133780253	42.418694123032175	13.434807548569145	0.0
86.0	12.549735416222815	30.730873097674312	43.42571213054719	13.293679355555685	0.0
87.0	11.744826601969459	31.000999000999002	44.55259026687598	12.701584130155558	0.0
88.0	11.689805632685442	30.67603558678529	45.24225080750269	12.391907973026576	0.0
89.0	11.12115783148093	30.265589109105512	46.0448058767698	12.56844718264376	0.0
90.0	10.476397577866248	30.31402986406165	47.5589084785833	11.65066407948881	0.0
91.0	10.540120297257067	29.51488222046381	48.024280789513	11.920716692766117	0.0
92.0	10.136085055905806	29.367023262965976	48.74953320299629	11.747358478131934	0.0
93.0	9.661972290315743	28.999505378331225	50.0486468564347	11.289875474918333	0.0
94.0	9.67840982546865	28.66408101702219	50.38138332255979	11.276125834949365	0.0
95.0	9.421560035056968	28.460272332784676	51.099805476582375	11.018362155575982	0.0
96.0	8.959597297655318	28.26758511061068	52.00635845807392	10.766459133660087	0.0
97.0	8.813070740226403	27.846336741993856	52.79531203972563	10.545280478054117	0.0
98.0	8.754266836033267	27.647006549887347	53.01331409663306	10.58541251744633	0.0
99.0	8.366941239366147	27.534607059995952	53.78770184207657	10.310749858561321	0.0
100.0	8.284985753809307	27.096667630177144	54.212433414543504	10.405913201470042	0.0
101.0	8.255384615384616	26.90102564102564	54.52410256410256	10.31948717948718	0.0
102.0	7.795872833135515	26.918276798312863	55.24199094285031	10.043859425701317	0.0
103.0	7.7621268987453975	26.777185171678493	55.459826877978855	10.000861051597251	0.0
104.0	7.492669064965689	26.86548364017453	55.65766800689259	9.98417928796719	0.0
105.0	7.2890699062532915	26.831923036410238	56.27159961277442	9.607407444562039	0.0
106.0	7.357802661652105	26.554505853934213	56.61837150101775	9.469319983395932	0.0
107.0	7.399830347787037	26.57502120652662	56.37792525323088	9.647223192455465	0.0
108.0	6.946965364628658	26.936522539098434	56.859195902434166	9.257316193838733	0.0
109.0	6.999062160405306	26.8946592764245	56.6211971596858	9.485081403484397	0.0
110.0	6.90517950394879	27.036079154156383	56.63961473289931	9.41912660899551	0.0
111.0	6.707087891436371	27.05930644299816	56.99788332575023	9.235722339815236	0.0
112.0	6.820741296874383	26.981665151934248	56.82024736238985	9.377346188801518	0.0
113.0	6.726147590331719	27.156759210825005	56.91712478163461	9.199474936094196	4.934811144777489E-4
114.0	6.500450941062249	27.463542770404466	57.21136075777812	8.824645530755166	0.0
115.0	6.626980998186549	27.56100685957581	56.99854135456911	8.813470787668534	0.0
116.0	6.542051473918438	27.37431817734281	57.26621113364708	8.817419215091665	0.0
117.0	6.482717186291939	27.672200253123414	57.552582203552596	8.29200789902641	4.924580056435687E-4
118.0	6.404526529726316	27.721541466879774	57.581542650802106	8.292389352591803	0.0
119.0	6.372982943727654	27.831049437968876	57.678289724201704	8.116688838007448	9.89056094316389E-4
120.0	6.095198458115949	27.995699372247078	57.94154515411408	7.967557015522889	0.0
121.0	6.15971776460812	28.02748709987212	58.07321600063692	7.739579134882842	0.0
122.0	6.00410442706112	28.23926100242352	58.215126168482215	7.541508402033147	0.0
123.0	5.708736096147135	28.29380314319388	58.69385979554571	7.30360096511328	0.0
124.0	5.723123727074581	28.283828551302403	58.76053433516923	7.2325133864537765	0.0
125.0	5.719451699145404	28.492172649863235	58.81613582860704	6.971724695688905	5.151266954107362E-4
126.0	5.559045063096641	28.86612922482753	58.824964571404834	6.749342040375621	5.191002953680681E-4
127.0	5.557242159038566	28.955550437586364	58.84071018801558	6.646497215359491	0.0
128.0	5.48391862231977	29.201840283640045	58.69333530305588	6.620905790984298	0.0
129.0	5.247580619404018	29.287546976971967	59.10049079623971	6.364381607384301	0.0
130.0	5.325857314116451	29.30914916378611	59.1644849664278	6.200508555669644	0.0
131.0	5.329272728259749	29.283042630924655	59.0481463989273	6.33953824188829	0.0
132.0	4.995302481718138	29.48503112449248	59.539258616237476	5.980407777551906	0.0
133.0	4.910746935354115	29.546055481482732	59.69294470416814	5.8502528789950095	0.0
134.0	4.760451632590784	29.564546496162503	60.0203821949436	5.654619676303108	0.0
135.0	4.466480759820539	29.56862143981511	60.642380865351164	5.3225169350131765	0.0
136.0	4.25115520521881	29.481441212889976	61.02382893902328	5.243574642867929	0.0
137.0	4.193769998700278	29.527210610683717	61.318413348764956	4.960606041851052	0.0
138.0	3.840542015047515	29.591331819277567	62.01834629584988	4.549779869825038	0.0
139.0	3.736135055134502	29.62170250138243	62.31011937676869	4.332043066714374	0.0
140.0	3.3567077442470263	29.664596107526737	62.782644666697806	4.196051481528433	0.0
141.0	3.1346288155786537	29.771441874477905	63.227339331443524	3.866589978499925	0.0
142.0	3.016474592002475	29.546685042082988	63.87965039832933	3.5571899675852032	0.0
143.0	2.7666584777236665	29.527883350915474	64.41711585427535	3.288342317085507	0.0
144.0	2.4996096683296036	29.677846261366085	64.81884893049123	3.002951650917094	7.434888959933384E-4
145.0	2.1364280516297063	29.808112145237274	65.33838906124325	2.7170707418897697	0.0
146.0	1.8264912391675627	29.826364728951866	65.91261306850528	2.4345309633752925	0.0
147.0	1.6036702049361313	29.92754452822165	66.36626813431249	2.101699350681212	8.177818485140903E-4
148.0	1.4855375567216773	29.82567326623909	66.79088397089767	1.8970601904665332	8.45015675040772E-4
149.0	1.5953874200779812	29.192362377118535	67.45113090201757	1.7602470277295605	8.722730563575622E-4
150.0	10.269576379974326	18.041698021335932	68.52109247045284	3.164091895002435	0.0035412332344739055
